2 0.796668529510498 521 153 617 200
2 0.6978828310966492 596 158 673 189
2 0.6925034523010254 382 158 458 194
2 0.6401599645614624 639 161 709 189
2 0.5966721773147583 741 156 818 186
2 0.5884969234466553 671 162 734 188
2 0.5796897411346436 839 155 917 185
2 0.5679938793182373 721 158 790 189
2 0.529399037361145 257 162 314 204
0 0.49304062128067017 322 166 365 200
2 0.46651574969291687 299 163 356 200
2 0.4357239603996277 792 160 859 185
2 0.38815537095069885 1108 159 1139 178
0 0.3287055790424347 346 165 375 200
0 0.2844195067882538 257 162 314 204
2 0.28324759006500244 695 161 758 186
2 0.26242467761039734 874 154 925 182
