2 0.94382244348526 596 178 660 240
2 0.9368562698364258 838 165 1076 307
2 0.9121658205986023 714 178 826 232
2 0.9075660705566406 170 191 305 249
2 0.8587390184402466 353 182 449 240
2 0.8460516929626465 480 181 527 210
2 0.8222706317901611 680 180 777 216
2 0.7896447777748108 280 179 369 229
2 0.7256786823272705 556 177 584 199
2 0.6324217319488525 2 185 80 244
2 0.48149746656417847 30 181 149 228
2 0.4318699240684509 404 180 454 206
2 0.4130282998085022 424 179 471 200
2 0.3194369673728943 674 177 744 205
