2 0.7653064727783203 550 174 595 215
0 0.7389304637908936 375 165 423 283
0 0.7274760603904724 921 159 966 288
0 0.7082974910736084 294 168 344 295
0 0.6152414679527283 656 170 683 248
0 0.5922521352767944 870 165 910 280
0 0.5753992795944214 790 160 828 259
0 0.549891471862793 759 164 811 301
0 0.5282090902328491 699 177 739 273
0 0.4786432981491089 647 169 673 236
0 0.4186382293701172 715 168 752 282
0 0.386698842048645 877 160 946 285
0 0.31653931736946106 726 164 769 292
0 0.2835041582584381 642 164 662 229
0 0.26421552896499634 673 176 717 260
