2 0.7388108968734741 298 161 372 197
2 0.678860604763031 157 161 243 208
2 0.6722220778465271 629 160 700 188
2 0.6595746278762817 712 155 771 184
2 0.6588983535766602 561 157 649 189
2 0.6523056626319885 465 151 570 201
2 0.6167585849761963 670 156 740 188
2 0.5709313750267029 328 162 389 193
2 0.5411195158958435 225 162 291 203
2 0.4117741286754608 510 155 593 199
2 0.3978623151779175 740 157 800 182
0 0.3820599615573883 277 160 301 202
2 0.308460533618927 768 156 818 182
2 0.30223342776298523 601 160 675 190
0 0.28690963983535767 240 162 289 203
