2 0.8981258869171143 990 158 1162 251
2 0.8974748253822327 78 187 400 368
3 0.8836317658424377 612 135 668 197
2 0.8519076108932495 429 179 521 240
2 0.8454573750495911 0 208 156 374
2 0.8417201638221741 703 183 821 260
2 0.8272762298583984 1173 155 1241 256
2 0.7957934737205505 915 167 1040 236
2 0.5950477719306946 833 168 950 220
2 0.5301159024238586 686 188 758 234
2 0.5085699558258057 476 169 546 221
2 0.3870247006416321 744 165 838 204
2 0.3259269893169403 503 171 565 213
2 0.2912333905696869 770 168 879 214
