0 0.8558984994888306 725 140 785 334
0 0.8159087300300598 1009 136 1099 339
0 0.8113483786582947 503 146 568 323
0 0.8007611036300659 806 143 880 328
0 0.7790346741676331 919 145 1014 342
0 0.7654895782470703 580 140 636 300
0 0.7105367183685303 256 133 296 256
0 0.6959494352340698 886 158 919 242
0 0.6942501664161682 1068 165 1224 369
0 0.6879082322120667 647 139 704 298
2 0.6841340661048889 0 0 263 370
0 0.33751600980758667 551 146 605 306
0 0.32872143387794495 602 133 649 243
0 0.2872357666492462 629 137 682 278
