2 0.8074899315834045 586 160 649 190
2 0.712762176990509 534 159 600 191
2 0.6973552703857422 198 160 270 203
2 0.653697669506073 336 162 399 198
2 0.6523128151893616 679 162 747 188
2 0.6154754757881165 781 155 842 183
2 0.6129477024078369 260 162 323 203
2 0.5976929664611816 618 161 689 189
2 0.5826733112335205 487 155 577 198
2 0.5452418923377991 729 157 793 185
2 0.5048637390136719 885 160 933 181
2 0.46715328097343445 656 162 720 188
0 0.42889320850372314 296 160 325 203
2 0.40516185760498047 831 159 886 183
2 0.3913300335407257 1181 133 1228 163
2 0.3912021219730377 756 155 819 182
2 0.380283385515213 699 157 765 185
0 0.2635630965232849 259 162 320 204
