2 0.9105849266052246 402 174 587 293
2 0.8673461675643921 741 171 787 208
2 0.8668281435966492 788 171 965 287
2 0.8467869162559509 824 184 1154 373
2 0.8461248874664307 1068 138 1223 219
2 0.845267117023468 929 145 1086 226
3 0.8414218425750732 698 142 745 186
2 0.719005823135376 550 174 617 218
2 0.5218601822853088 787 158 868 197
2 0.46778830885887146 1092 173 1242 375
2 0.3638145625591278 866 161 976 209
2 0.36333730816841125 1192 136 1241 208
2 0.30906036496162415 607 164 655 200
2 0.26504918932914734 482 173 609 248
2 0.25573256611824036 0 181 30 228
