2 0.9311109185218811 44 176 362 371
2 0.9170653820037842 819 161 1119 347
2 0.8664334416389465 0 181 131 301
2 0.8612141013145447 192 173 421 288
2 0.85285884141922 597 175 662 229
2 0.8266531825065613 406 172 536 229
2 0.8093963861465454 840 148 979 207
2 0.750615119934082 713 175 795 227
2 0.668765127658844 466 167 560 208
2 0.5848643183708191 128 171 291 241
0 0.5595179200172424 775 176 834 280
2 0.5253863334655762 734 178 840 238
2 0.49073687195777893 606 171 647 205
0 0.42747634649276733 703 165 739 214
2 0.39890483021736145 352 170 490 230
2 0.3944157660007477 699 165 773 217
2 0.3727912902832031 763 177 868 260
2 0.33839017152786255 524 160 585 192
0 0.32247039675712585 682 168 697 199
2 0.2988034188747406 351 130 482 214
