2 0.9086295962333679 747 173 1016 338
2 0.893527090549469 699 163 823 264
0 0.8555136919021606 1002 136 1064 287
2 0.833167314529419 92 189 361 325
2 0.8219417929649353 670 165 752 231
2 0.8014326691627502 522 162 555 191
2 0.7611113786697388 381 172 465 232
2 0.6849381327629089 447 173 500 216
2 0.6485985517501831 2 199 192 375
0 0.4505831301212311 331 169 389 312
0 0.4362286925315857 644 164 667 199
2 0.38807910680770874 327 169 396 305
0 0.35386502742767334 639 162 658 193
2 0.307625949382782 0 16 215 375
