2 0.7965517640113831 1082 181 1222 238
0 0.7585458159446716 209 154 231 217
0 0.7504982352256775 180 156 202 215
0 0.7117164134979248 653 153 727 302
0 0.6524509191513062 854 161 924 310
0 0.6471600532531738 411 156 434 213
0 0.6459147334098816 927 151 1015 345
0 0.6206228733062744 745 138 821 303
2 0.5993891954421997 600 169 646 204
0 0.5807220935821533 988 149 1076 353
0 0.5427723526954651 1 174 48 309
2 0.5070428252220154 1014 178 1153 230
0 0.48905739188194275 805 157 886 337
0 0.422825425863266 763 150 851 352
2 0.42068561911582947 620 169 691 217
0 0.3329216241836548 262 154 276 196
1 0.2949294149875641 413 159 437 217
