2 0.8714381456375122 48 170 198 248
2 0.8708893656730652 465 161 536 231
2 0.8372783064842224 567 142 607 190
2 0.8356337547302246 1111 166 1241 374
2 0.7582672238349915 889 119 1143 226
2 0.7488902807235718 703 161 843 221
3 0.7245232462882996 517 138 564 200
2 0.723392903804779 186 186 306 248
2 0.6914433836936951 663 175 758 220
2 0.6722539663314819 833 148 969 227
2 0.5794095396995544 367 168 429 213
2 0.5651668906211853 1168 120 1242 201
2 0.46408262848854065 1106 140 1225 193
2 0.4446028172969818 0 193 37 255
2 0.28874391317367554 780 154 882 205
