2 0.9315907955169678 697 181 826 268
2 0.9194899797439575 32 172 254 281
2 0.8840121626853943 262 177 448 300
2 0.8199155330657959 652 177 708 221
2 0.8062078952789307 436 179 510 234
2 0.6256462931632996 292 176 395 238
2 0.5774162411689758 493 182 536 216
2 0.44500893354415894 47 176 179 236
2 0.3755921721458435 339 178 423 221
2 0.3625960946083069 107 173 229 234
2 0.3529663383960724 612 175 647 203
2 0.3035619556903839 645 180 686 213
2 0.27688390016555786 583 177 612 201
2 0.2668236196041107 384 177 438 212
