2 0.9295150637626648 835 186 1138 355
2 0.9192637205123901 0 178 307 375
2 0.8804740309715271 303 171 489 268
2 0.8720217347145081 597 178 659 233
2 0.8582926392555237 745 169 877 257
2 0.788607656955719 823 156 940 200
2 0.7489268779754639 452 170 554 214
2 0.6970265507698059 9 168 159 222
2 0.670254647731781 717 176 798 229
0 0.6644807457923889 716 174 756 237
2 0.5959972143173218 140 173 309 244
0 0.5232252478599548 703 172 744 218
2 0.41996851563453674 700 173 750 214
0 0.41793110966682434 726 175 797 237
2 0.35788291692733765 505 169 573 200
2 0.3513202667236328 606 172 649 208
2 0.34559041261672974 410 175 529 227
2 0.3202822804450989 258 174 399 239
0 0.3157408833503723 698 168 725 213
