2 0.9245712757110596 592 172 681 259
2 0.9086918234825134 881 105 1233 372
2 0.8998776078224182 0 174 141 284
2 0.8867760300636292 737 165 928 262
2 0.8588196635246277 139 178 276 246
2 0.8134954571723938 674 167 759 203
2 0.7567019462585449 285 182 368 224
2 0.7050783038139343 478 171 517 194
2 0.6992133855819702 412 176 464 202
2 0.589789628982544 1107 86 1242 259
2 0.511864423751831 438 174 485 200
2 0.4789365530014038 662 167 727 196
2 0.42867714166641235 453 173 503 197
2 0.27526164054870605 529 169 560 188
