2 0.8725248575210571 57 205 453 375
2 0.8600402474403381 673 186 772 263
3 0.8362419009208679 614 132 681 216
2 0.8168951272964478 544 181 594 221
3 0.799593985080719 849 0 1226 367
2 0.7434529066085815 319 185 470 249
2 0.7404526472091675 406 180 507 220
2 0.661226212978363 33 185 191 251
2 0.5732998251914978 636 184 686 224
2 0.49175578355789185 655 183 720 240
2 0.4335591197013855 98 186 306 278
2 0.4081956148147583 443 180 522 212
2 0.3011624217033386 210 190 374 259
2 0.2540762424468994 0 186 100 240
