2 0.9178756475448608 2 175 300 367
2 0.9110625982284546 821 191 1233 375
2 0.8971043825149536 278 176 443 254
2 0.8565001487731934 574 174 631 223
2 0.8523768782615662 682 178 747 224
2 0.8187231421470642 382 176 508 228
2 0.7840620875358582 643 156 685 201
2 0.7811824083328247 1075 197 1241 375
2 0.5608669519424438 0 186 100 270
2 0.5538585782051086 458 166 551 204
2 0.3526596128940582 130 171 314 239
2 0.3198575973510742 0 190 76 375
2 0.31395992636680603 0 181 46 252
2 0.31293001770973206 428 173 537 215
