0 0.8289701342582703 492 161 580 367
0 0.8271234035491943 1121 150 1223 363
0 0.8006757497787476 686 150 740 308
0 0.7959403991699219 737 138 799 295
0 0.7829123139381409 569 155 628 314
0 0.7470196485519409 243 128 291 271
0 0.65334153175354 846 132 963 337
0 0.6480162739753723 958 136 1093 365
0 0.6470585465431213 815 136 1058 368
0 0.620141863822937 800 135 893 305
0 0.6179196834564209 779 155 915 369
2 0.5786546468734741 0 0 267 370
0 0.5440800786018372 632 137 663 199
0 0.4187801480293274 621 139 649 202
0 0.4185810089111328 329 133 360 232
0 0.4121651351451874 878 130 944 261
0 0.28904658555984497 537 143 590 255
0 0.2606823146343231 540 144 571 223
