2 0.9012250304222107 187 173 439 297
2 0.8491727709770203 725 171 811 243
2 0.8438814282417297 590 180 657 236
2 0.8409849405288696 41 175 360 356
2 0.8303823471069336 773 187 922 286
2 0.8138434290885925 1049 137 1241 370
2 0.749679684638977 378 178 525 236
2 0.7269403338432312 0 166 119 374
2 0.6557625532150269 472 173 560 210
2 0.6050464510917664 114 172 247 225
3 0.5550568103790283 337 129 444 206
0 0.49593305587768555 707 172 737 234
0 0.39422792196273804 696 165 726 219
2 0.34675514698028564 778 165 908 247
0 0.2991657257080078 715 174 756 233
