0 0.7661446928977966 646 159 713 283
0 0.7238268852233887 216 161 236 210
2 0.7196608185768127 1100 176 1221 237
0 0.7133182883262634 717 144 809 355
0 0.7111843824386597 131 146 160 228
1 0.6912707090377808 554 163 592 234
1 0.6578214168548584 503 161 539 242
2 0.656341016292572 1055 184 1177 230
0 0.6530268788337708 998 137 1120 361
2 0.6403357982635498 958 174 1092 223
2 0.5051944851875305 595 170 636 201
0 0.45111939311027527 623 156 687 287
2 0.31326067447662354 1022 177 1137 223
0 0.2808898091316223 647 152 799 314
0 0.25844085216522217 250 154 277 224
