2 0.9349526762962341 752 184 882 267
2 0.8707543015480042 0 173 250 375
2 0.8410210609436035 121 184 385 318
2 0.8308321237564087 244 178 460 278
2 0.8230597972869873 715 173 795 234
2 0.7915832996368408 589 178 653 230
2 0.7667554020881653 393 178 522 232
2 0.7639769911766052 943 50 1236 375
2 0.7222875952720642 792 154 896 198
2 0.7014114856719971 474 173 564 210
2 0.6124953031539917 594 173 639 213
3 0.5415486097335815 0 129 101 216
0 0.46997159719467163 690 164 722 216
2 0.4625346064567566 683 159 734 212
2 0.3362727165222168 94 159 270 236
2 0.32387933135032654 0 149 83 236
3 0.2892623841762543 110 157 272 231
2 0.2583599388599396 319 180 464 248
