2 0.9098594188690186 953 161 1242 375
2 0.8921018242835999 551 170 731 321
2 0.7930668592453003 147 190 266 248
2 0.7838475704193115 0 186 70 286
2 0.7044217586517334 255 174 340 214
2 0.6540453433990479 514 170 559 193
2 0.6255937218666077 396 180 452 211
2 0.4136684238910675 466 176 506 198
2 0.3524118661880493 371 181 430 213
2 0.3500225841999054 309 181 406 240
2 0.33045199513435364 713 172 804 209
2 0.2919093072414398 433 180 486 206
2 0.2681282162666321 689 175 763 211
2 0.2591545879840851 476 173 513 191
2 0.25854727625846863 118 172 203 212
