2 0.7680848836898804 662 160 729 188
2 0.7590773701667786 624 160 690 186
2 0.7503015398979187 547 160 622 199
2 0.6976116895675659 394 162 462 195
2 0.6471901535987854 779 157 838 184
2 0.6441758871078491 274 156 342 201
2 0.6264007091522217 590 161 645 191
0 0.6195574402809143 303 161 336 203
0 0.594569742679596 336 161 387 200
2 0.5803563594818115 827 156 891 183
2 0.5743470191955566 734 158 802 188
2 0.5277833342552185 708 160 776 188
2 0.5153822898864746 861 157 920 185
2 0.46026700735092163 335 161 388 200
2 0.4145159125328064 1139 154 1175 175
0 0.3140732944011688 435 161 479 194
2 0.27595070004463196 912 160 967 183
2 0.2523089647293091 689 163 746 188
