2 0.9125193953514099 131 174 412 335
2 0.9105963110923767 791 162 1029 310
2 0.8817238807678223 1037 219 1240 375
2 0.8132691383361816 597 172 660 228
2 0.8078466057777405 236 175 440 269
2 0.7569993734359741 432 172 542 220
2 0.7361629009246826 7 185 204 279
2 0.7112630605697632 742 176 852 259
2 0.6796419620513916 713 176 788 223
2 0.6244431734085083 478 165 566 204
2 0.5555462837219238 386 180 515 232
0 0.5323171019554138 756 175 802 266
2 0.5186922550201416 519 154 586 188
2 0.4520290791988373 170 167 279 217
2 0.3582075536251068 824 154 969 203
2 0.3443819582462311 701 170 748 213
0 0.2804793119430542 694 167 718 209
