2 0.9263049364089966 591 177 656 240
2 0.9172070026397705 754 176 899 252
2 0.896657407283783 0 193 165 373
2 0.8950324654579163 381 180 466 232
2 0.8569373488426208 510 179 552 206
2 0.8560182452201843 343 182 418 221
2 0.8269253373146057 190 180 312 243
2 0.8092833161354065 695 180 800 230
2 0.7853136658668518 1139 173 1241 374
2 0.7665022611618042 66 193 216 264
2 0.7155004143714905 466 178 515 207
2 0.5072040557861328 438 178 488 207
2 0.3335570693016052 145 187 250 239
2 0.3029946982860565 670 174 702 192
