2 0.9192092418670654 207 170 448 288
2 0.9150823950767517 898 186 1242 374
2 0.8947914242744446 591 165 652 218
2 0.881016731262207 777 178 972 286
2 0.8514484763145447 904 136 1090 215
2 0.8353840112686157 0 169 118 302
2 0.8041682839393616 735 155 859 245
2 0.7632437348365784 410 164 535 214
2 0.7375967502593994 89 172 294 252
2 0.7092534899711609 335 173 489 239
2 0.6208332180976868 492 149 568 187
2 0.532142698764801 457 158 549 197
2 0.46139365434646606 794 152 913 202
0 0.35036545991897583 694 164 711 200
