2 0.9074402451515198 873 147 1112 333
2 0.8921859264373779 268 165 354 222
2 0.8745753765106201 97 182 229 230
2 0.8675959706306458 933 198 1242 375
2 0.8306768536567688 554 162 605 214
2 0.8197594285011292 358 181 429 223
2 0.8062464594841003 0 188 82 232
2 0.8025227785110474 831 130 1022 208
2 0.7759532928466797 481 167 521 202
2 0.7750793099403381 1112 132 1240 197
3 0.7715912461280823 584 141 626 192
2 0.7581660747528076 766 163 839 208
2 0.7031080722808838 712 171 776 208
2 0.7027174830436707 627 146 663 187
2 0.40401169657707214 942 95 1190 193
