2 0.8702530264854431 1027 183 1160 234
2 0.8453300595283508 1098 183 1223 234
0 0.8381245732307434 37 144 77 246
2 0.8246453404426575 942 176 1072 229
0 0.768347442150116 739 145 805 299
0 0.7641036510467529 861 144 945 337
1 0.7334022521972656 581 158 662 276
1 0.7291008830070496 642 157 720 259
0 0.721255362033844 223 146 244 210
0 0.6082813739776611 783 146 840 293
0 0.543968915939331 444 159 464 208
0 0.5045937299728394 190 150 209 206
0 0.40142419934272766 258 149 274 195
2 0.2926347553730011 572 166 605 189
0 0.2877117097377777 640 154 719 259
