2 0.9096043109893799 865 196 1239 374
2 0.887238621711731 0 182 304 375
2 0.8846268653869629 760 155 954 287
2 0.8462477326393127 586 176 647 226
2 0.8285670876502991 335 178 484 245
2 0.7900473475456238 936 145 1149 232
2 0.7539426684379578 256 177 444 268
2 0.6972160935401917 426 176 527 217
2 0.5906093716621399 491 158 563 199
2 0.5439839363098145 470 167 549 205
2 0.3414047658443451 41 172 285 278
2 0.32973265647888184 186 166 333 236
0 0.2995901107788086 707 174 724 218
3 0.2679808735847473 183 143 291 207
