2 0.8756314516067505 769 190 1007 349
2 0.814929187297821 93 180 322 322
2 0.7967500686645508 598 179 639 216
2 0.7831218838691711 722 180 805 251
3 0.773772656917572 709 94 807 231
2 0.7258756160736084 0 174 158 369
2 0.6879932284355164 481 179 569 241
2 0.6441370844841003 349 187 427 242
2 0.5298711657524109 429 172 523 216
2 0.39645156264305115 531 177 593 223
2 0.34820815920829773 707 109 808 242
0 0.32254353165626526 861 161 893 251
2 0.31409716606140137 689 178 743 227
2 0.28941065073013306 753 189 875 289
