0 0.8486753702163696 773 161 841 340
0 0.8194130063056946 279 137 319 255
0 0.8009892702102661 708 172 771 341
0 0.7580181956291199 623 137 656 230
0 0.7157425880432129 520 135 558 246
0 0.706311047077179 539 137 576 244
0 0.6978859901428223 590 136 626 237
2 0.665813148021698 0 0 260 370
0 0.6617343425750732 470 136 495 209
0 0.6284820437431335 404 140 429 213
0 0.6172727346420288 502 137 529 211
0 0.43465492129325867 634 135 664 210
0 0.35119009017944336 414 139 441 213
0 0.3152369558811188 394 138 418 208
0 0.28127703070640564 431 138 456 212
0 0.27390486001968384 507 134 545 227
