2 0.8767641186714172 525 166 585 219
2 0.8600049614906311 957 180 1074 227
2 0.8573077321052551 1029 182 1209 245
0 0.8430512547492981 168 152 190 214
0 0.8289332985877991 121 152 154 233
0 0.8255296349525452 430 153 495 286
2 0.8174630999565125 598 169 635 200
0 0.7356512546539307 199 146 224 210
0 0.701989471912384 249 156 278 228
0 0.5531752705574036 138 151 164 221
0 0.4992562234401703 241 155 267 216
2 0.44813182950019836 1184 165 1223 229
0 0.4278380572795868 262 155 286 221
0 0.3468273878097534 205 148 241 209
2 0.30872583389282227 568 167 601 197
0 0.26460331678390503 174 150 212 208
