2 0.929215669631958 894 169 1242 375
2 0.9158539175987244 9 176 328 365
2 0.8431767225265503 598 174 664 229
2 0.8196057081222534 739 175 847 248
2 0.8095932602882385 363 176 520 244
2 0.6908358931541443 868 149 1016 214
2 0.6431614756584167 711 172 781 225
2 0.6094404458999634 781 188 930 274
2 0.5714249014854431 462 173 553 211
2 0.5584132671356201 2 172 151 358
3 0.5321972370147705 95 120 265 231
2 0.45873498916625977 424 175 534 223
2 0.4556431472301483 281 170 450 253
0 0.4541751742362976 838 187 916 338
2 0.3828878402709961 0 173 111 285
2 0.3751174211502075 1025 100 1241 231
3 0.33136776089668274 316 112 467 205
2 0.3251059055328369 616 168 666 210
3 0.3171122968196869 276 119 399 207
3 0.3153890073299408 705 155 779 225
3 0.2954995632171631 2 147 90 224
2 0.27410632371902466 80 170 219 248
3 0.26784515380859375 683 50 787 206
