0 0.8305408358573914 868 137 959 368
0 0.8268438577651978 993 115 1080 311
0 0.7486107349395752 630 157 653 228
0 0.7328776121139526 697 157 716 216
0 0.732400119304657 508 164 534 245
0 0.7192105650901794 575 156 601 232
0 0.6502829790115356 183 229 319 370
0 0.5991214513778687 482 167 506 242
0 0.5775972008705139 800 148 825 224
0 0.5765625834465027 35 239 239 374
0 0.5044560432434082 663 158 686 225
0 0.4592835605144501 0 224 152 372
0 0.4166897237300873 373 195 438 288
0 0.36423271894454956 600 157 618 221
2 0.29669201374053955 545 164 568 191
0 0.29367581009864807 675 159 698 224
0 0.2613692283630371 620 156 643 223
