2 0.18185587761674718 0.7685599999999999 0.2718438003220612 0.45754666666666666
2 0.048236714975845404 0.77932 0.09647342995169081 0.4360266666666666
2 0.7292351046698873 0.5691466666666667 0.14743961352657006 0.25941333333333333
2 0.3351368760064412 0.6187066666666666 0.11209339774557169 0.24637333333333328
2 0.397524154589372 0.57356 0.061940418679549164 0.15133333333333332
2 0.4171859903381642 0.5575333333333333 0.05020128824476652 0.12232000000000001
2 0.5580555555555555 0.5412933333333334 0.04646537842190019 0.13250666666666674
2 0.7129106280193236 0.5254933333333334 0.1605072463768116 0.17493333333333339
2 0.5736030595813204 0.53408 0.05255233494363928 0.1069333333333334
2 0.6037479871175524 0.5168666666666666 0.05433977455716587 0.09917333333333332
