0 0.2707802287581699 0.48693243243243245 0.01334150326797389 0.11824324324324326
0 0.34895833333333337 0.4847027027027027 0.008717320261437875 0.08627027027027032
0 0.26962418300653596 0.46727027027027024 0.00980392156862745 0.09162162162162164
2 0.8292606209150328 0.5540405405405406 0.08847222222222229 0.13024324324324324
2 0.8943423202614381 0.557445945945946 0.09883169934640526 0.12472972972972975
2 0.9479534313725491 0.5591756756756756 0.10245915032679745 0.12629729729729727
0 0.2874877450980392 0.46736486486486495 0.009534313725490209 0.09802702702702706
0 0.33753676470588234 0.5701756756756757 0.027508169934640538 0.24186486486486491
0 0.4308496732026144 0.5577702702702703 0.042761437908496715 0.2660270270270271
1 0.5968382352941176 0.5713783783783783 0.08785947712418297 0.31675675675675674
1 0.12470179738562091 0.6587837837837838 0.11876633986928105 0.49837837837837834
2 0.5062540849673203 0.5021486486486487 0.029485294117647085 0.07624324324324327
0 0.24899918300653592 0.47450000000000003 0.012524509803921556 0.10678378378378377
0 0.18568627450980393 0.47352702702702704 0.008986928104575164 0.11862162162162167
0 0.8233333333333334 0.5186891891891892 0.016339869281045753 0.09862162162162165
