2 0.861340579710145 0.7708933333333332 0.27570853462157807 0.45288
2 0.06995169082125603 0.7585866666666667 0.13990338164251206 0.4774933333333333
2 0.1096135265700483 0.6826266666666667 0.2192270531400966 0.35133333333333333
2 0.15875201288244767 0.6258133333333333 0.22487922705314012 0.29626666666666673
2 0.6194927536231883 0.60888 0.11832528180354271 0.2474133333333334
2 0.2938003220611916 0.5831733333333333 0.1595169082125604 0.17690666666666666
2 0.5679468599033817 0.5399866666666666 0.056682769726247965 0.11970666666666663
2 0.30415458937198064 0.55956 0.1201449275362319 0.1597066666666667
2 0.324098228663446 0.5313066666666667 0.09629629629629627 0.15541333333333332
2 0.535024154589372 0.4971733333333333 0.02887278582930749 0.08245333333333338
