2 0.5029347826086956 0.6210399999999999 0.06155394524959746 0.1766933333333333
2 0.1279428341384863 0.61792 0.12992753623188405 0.19450666666666666
1 0.8905636070853462 0.6952266666666668 0.16146537842190012 0.3754133333333334
2 0.6070893719806764 0.5650533333333333 0.08596618357487922 0.26525333333333334
0 0.32776972624798717 0.6432666666666667 0.028454106280193216 0.33143999999999996
2 0.24479871175523352 0.5676933333333333 0.07297906602254427 0.13672000000000004
2 0.34948872785829305 0.59556 0.10264895330112722 0.1726133333333333
2 0.3650483091787439 0.5934 0.09524959742351043 0.13245333333333337
2 0.3871054750402576 0.5809066666666667 0.08860708534621574 0.11514666666666667
2 0.41482689210950086 0.5658933333333334 0.061151368760064446 0.09418666666666664
2 0.43669082125603864 0.5431333333333334 0.04589371980676329 0.061200000000000046
2 0.5673268921095008 0.57692 0.04434782608695646 0.106
2 0.4868478260869565 0.5668 0.03408212560386477 0.10709333333333332
2 0.26834943639291464 0.5496933333333333 0.054106280193236704 0.08173333333333335
