2 0.4912600644122383 0.5074666666666667 0.02023349436392914 0.06373333333333335
2 0.13839371980676327 0.78772 0.27678743961352653 0.4192266666666667
2 0.9618558776167472 0.74464 0.07467793880837359 0.5053866666666667
2 0.8447262479871176 0.7229066666666667 0.30893719806763287 0.5488533333333333
2 0.6116626409017712 0.5991333333333333 0.10224637681159413 0.23687999999999995
2 0.5462278582930756 0.53004 0.03809178743961358 0.10493333333333331
2 0.5780917874396135 0.5607599999999999 0.06499194847020937 0.17496000000000003
2 0.28634460547504026 0.5539999999999999 0.07570048309178742 0.09087999999999996
2 0.18933574879227055 0.5664666666666667 0.08556360708534623 0.09506666666666667
2 0.08830112721417069 0.5799866666666667 0.07465378421900161 0.09282666666666667
2 0.5277254428341385 0.50832 0.023067632850241528 0.06309333333333332
0 0.8301167471819645 0.6282399999999999 0.04643317230273749 0.5162666666666667
