2 0.7517028985507247 0.7322266666666666 0.2780917874396135 0.5302133333333333
2 0.03857487922705314 0.7149466666666667 0.07714975845410628 0.34136000000000005
2 0.6247181964573268 0.5841066666666667 0.1048953301127214 0.25904000000000005
2 0.300012077294686 0.6355466666666667 0.11778582930756841 0.24608000000000008
2 0.3572584541062802 0.5671733333333333 0.07442028985507247 0.19125333333333333
2 0.5687479871175524 0.5386133333333334 0.05762479871175518 0.14853333333333338
2 0.39295893719806757 0.5527333333333333 0.052133655394524914 0.14184
2 0.5578421900161031 0.5286933333333332 0.05033816425120771 0.10901333333333332
2 0.5427415458937198 0.47550666666666663 0.04854267310789047 0.1671733333333333
2 0.5144524959742351 0.50448 0.019726247987117553 0.0506133333333333
2 0.4365378421900162 0.5126266666666667 0.020821256038647352 0.04530666666666661
