2 0.4985426731078905 0.52852 0.0484702093397745 0.1306933333333333
2 0.05047906602254428 0.7457599999999999 0.10095813204508856 0.5031466666666666
2 0.14173510466988729 0.6993199999999999 0.2149677938808373 0.38306666666666667
2 0.2790458937198068 0.5597599999999999 0.11137681159420289 0.19237333333333329
2 0.39080515297906604 0.5964133333333332 0.10009661835748787 0.2002933333333333
2 0.41698872785829305 0.5545866666666667 0.05747181964573273 0.15930666666666668
2 0.3630233494363929 0.52916 0.0722141706924316 0.10648000000000002
2 0.8585024154589372 0.49866666666666665 0.2813848631239936 0.9973333333333333
0 0.7372141706924316 0.6887866666666667 0.0571658615136876 0.43111999999999995
2 0.6788164251207729 0.6532266666666666 0.1722222222222222 0.3549866666666666
2 0.6113083735909823 0.5857333333333333 0.10029790660225438 0.2030933333333334
2 0.578256843800322 0.5276533333333333 0.06023349436392919 0.15871999999999994
2 0.5320088566827698 0.4962133333333333 0.02871980676328508 0.07253333333333338
3 0.5290579710144927 0.43998666666666664 0.03713365539452496 0.14573333333333335
2 0.058643317230273745 0.5705866666666667 0.11728663446054749 0.4211733333333333
2 0.4918961352657004 0.50452 0.03068438003220613 0.09272000000000002
2 0.1889049919484702 0.515 0.07011272141706926 0.09741333333333325
