2 0.5014653784219001 0.5302800000000001 0.04657004830917877 0.14578666666666662
2 0.7843196457326892 0.66824 0.21720611916264088 0.4313066666666666
2 0.7032890499194846 0.5932399999999999 0.15851046698872787 0.2769333333333333
2 0.6693397745571658 0.5400533333333333 0.12363929146537847 0.22005333333333335
2 0.60323268921095 0.5031066666666667 0.10433977455716589 0.17629333333333327
2 0.5757689210950081 0.5060266666666666 0.07446859903381643 0.10229333333333329
2 0.5478582930756845 0.48612000000000005 0.04753623188405803 0.0646133333333333
2 0.27039452495974237 0.5263733333333332 0.06950080515297906 0.1217066666666667
2 0.40756038647343 0.4692666666666667 0.04106280193236719 0.12359999999999997
2 0.31199677938808373 0.5165733333333333 0.04933977455716584 0.09544000000000005
2 0.3450644122383253 0.5126933333333333 0.03713365539452496 0.06517333333333332
2 0.39120772946859905 0.4909333333333333 0.02808373590982286 0.05034666666666665
2 0.25502012882447667 0.5136933333333333 0.04124798711755235 0.08109333333333332
