2 0.48338436744560836 0.5210771276595745 0.030636583400483464 0.09215425531914895
2 0.14439564867042706 0.7574468085106383 0.2887912973408541 0.4797872340425532
2 0.0865068493150685 0.6772739361702128 0.173013698630137 0.33981382978723407
2 0.28292908944399675 0.569747340425532 0.08129734085414987 0.1428457446808511
2 0.38045124899274774 0.5871542553191489 0.0792264302981466 0.17148936170212764
2 0.34097502014504427 0.5361170212765957 0.05026591458501208 0.09877659574468088
2 0.40737308622078966 0.5342420212765957 0.0402256244963739 0.086781914893617
2 0.43535455278001606 0.4840957446808511 0.029564867042707537 0.1128723404255319
2 0.03234891216760677 0.6190691489361702 0.06469782433521354 0.23207446808510634
2 0.11383561643835617 0.5862898936170212 0.13371474617244158 0.17444148936170215
2 0.24907332796132153 0.5421143617021276 0.06128928283642224 0.09417553191489361
