2 0.832596618357488 0.7162400000000001 0.3331964573268921 0.5621866666666666
2 0.07989533011272142 0.7379600000000001 0.15979066022544283 0.44210666666666665
2 0.6605475040257649 0.6517733333333333 0.15539452495974235 0.31581333333333333
2 0.5746819645732689 0.5453733333333333 0.062423510466988706 0.1768266666666666
2 0.2917512077294686 0.5608666666666666 0.149975845410628 0.17629333333333327
2 0.31985909822866343 0.52276 0.09622383252818034 0.17042666666666664
2 0.36888486312399354 0.5225333333333333 0.0789291465378422 0.10127999999999997
2 0.41364331723027375 0.4764 0.05314814814814814 0.08282666666666667
2 0.5385426731078905 0.5126000000000001 0.03260869565217391 0.08525333333333333
2 0.5119122383252819 0.4807866666666667 0.016545893719806817 0.042319999999999934
