2 0.9461392914653785 0.5621733333333333 0.10611111111111109 0.3371466666666666
2 0.05272141706924316 0.7408666666666668 0.10544283413848632 0.5044533333333333
2 0.11990740740740742 0.6289333333333333 0.23981481481481484 0.42848
2 0.251658615136876 0.5546666666666666 0.18209339774557165 0.23749333333333333
2 0.28110708534621576 0.5544133333333333 0.1620048309178744 0.1703733333333333
2 0.15634460547504025 0.5995866666666666 0.24826086956521742 0.2684533333333334
2 0.39875201288244766 0.5086 0.08222222222222218 0.08493333333333332
2 0.8860829307568437 0.5231333333333333 0.1357729468599033 0.18050666666666665
2 0.584669887278583 0.5085466666666666 0.08888888888888886 0.1044
2 0.5750241545893721 0.4963866666666667 0.08344605475040257 0.10951999999999998
