2 0.4933373590982287 0.53428 0.04348631239935587 0.11709333333333333
2 0.12535024154589372 0.5540666666666667 0.25070048309178744 0.8865333333333333
2 0.27825281803542673 0.60664 0.17193236714975846 0.23615999999999993
2 0.37321658615136877 0.5213333333333333 0.10012077294685992 0.15429333333333337
2 0.3882367149758454 0.5051066666666667 0.07475040257648956 0.13992
2 0.4181199677938809 0.49484 0.058671497584541064 0.09645333333333338
2 0.5397866344605474 0.4778799999999999 0.03862318840579712 0.12093333333333331
2 0.487854267310789 0.5068 0.02743156199677943 0.08288000000000004
2 0.3293357487922705 0.5422133333333333 0.15400161030595816 0.24533333333333332
3 0.20318840579710146 0.46406666666666657 0.11685990338164252 0.2153866666666667
