2 0.46100644122383255 0.5407733333333333 0.037632850241545904 0.1024
2 0.27207326892109496 0.7587599999999999 0.23978260869565218 0.47714666666666666
2 0.20754025764895329 0.6175333333333333 0.1688486312399356 0.26824
2 0.3185144927536232 0.5557466666666666 0.10073268921095005 0.1229066666666666
2 0.34706521739130436 0.5407733333333333 0.07625603864734302 0.11749333333333334
2 0.37754025764895327 0.5307733333333333 0.06720611916264088 0.08485333333333331
2 0.39430756843800324 0.52596 0.0503059581320451 0.07501333333333339
2 0.4031521739130435 0.50372 0.053228663446054716 0.08477333333333331
3 0.787403381642512 0.49866666666666665 0.2997342995169081 0.9973333333333333
2 0.5684098228663446 0.5787333333333333 0.07192431561996783 0.1835466666666666
2 0.5337238325281803 0.5416 0.04384057971014496 0.11098666666666668
3 0.5181602254428342 0.46617333333333333 0.04955716586151374 0.20584
2 0.10002012882447664 0.5624933333333333 0.11242351046698873 0.13458666666666666
2 0.46361111111111114 0.5204 0.027850241545893745 0.08133333333333333
