0 0.5353022875816994 0.4734864864864865 0.017107843137254854 0.15681081081081077
0 0.244640522875817 0.5368513513513513 0.03145424836601307 0.3275945945945946
0 0.7195710784313726 0.7473783783783784 0.07441993464052281 0.49983783783783786
0 0.7907393790849674 0.7275270270270271 0.0878186274509804 0.5395405405405406
0 0.5055596405228758 0.48578378378378384 0.028897058823529418 0.1805945945945946
0 0.526421568627451 0.5393783783783784 0.03166666666666666 0.32718918918918927
0 0.5223202614379084 0.5166891891891893 0.027924836601307148 0.2908918918918919
0 0.48298202614379093 0.5406351351351352 0.03210784313725496 0.32391891891891883
0 0.4619934640522876 0.536527027027027 0.032924836601307156 0.33521621621621617
0 0.4304616013071895 0.47724324324324324 0.02352124183006533 0.17929729729729732
0 0.4483823529411765 0.4693108108108109 0.016143790849673195 0.18802702702702703
0 0.4223202614379086 0.4717567567567568 0.018022875816993512 0.17356756756756758
0 0.4017933006535948 0.47598648648648656 0.01829248366013071 0.18343243243243246
0 0.33842320261437914 0.47532432432432437 0.019656862745098043 0.18291891891891895
0 0.3575776143790849 0.4806756756756757 0.016397058823529407 0.16048648648648647
0 0.378014705882353 0.47233783783783784 0.017352941176470595 0.18305405405405403
2 0.10939542483660132 0.49864864864864866 0.21879084967320264 0.9972972972972973
