2 0.4697663174858985 0.5430452127659574 0.04435132957292503 0.1334840425531915
2 0.14786462530217565 0.7371010638297871 0.2957292506043513 0.5204787234042553
2 0.2352860596293312 0.5713962765957447 0.10657534246575341 0.19651595744680847
2 0.39056809024979855 0.5636170212765957 0.07043513295729248 0.1767553191489362
2 0.32948025785656726 0.5353989361702127 0.0497260273972603 0.09888297872340428
2 0.2016559226430298 0.5499335106382979 0.0786543110394843 0.11938829787234038
2 0.41652296535052374 0.5294946808510639 0.03705882352941173 0.0909574468085106
2 0.4341498791297341 0.5142420212765957 0.025124899274778362 0.060824468085106394
2 0.4451087832393231 0.4815824468085106 0.01679290894439961 0.06986702127659578
2 0.29815874294923445 0.5216356382978723 0.04257050765511683 0.07917553191489364
2 0.04751813053988718 0.6087234042553191 0.09503626107977436 0.2082446808510638
