2 0.11548711755233494 0.7457466666666666 0.23097423510466988 0.4059466666666666
2 0.3498389694041868 0.6360266666666666 0.09942028985507248 0.24
2 0.23696859903381642 0.6571333333333333 0.1340016103059581 0.2567733333333333
1 0.683083735909823 0.6202266666666667 0.0973268921095008 0.2724533333333334
2 0.9521618357487923 0.5505066666666666 0.09406602254428335 0.28005333333333327
1 0.7172342995169082 0.6373466666666666 0.10749597423510467 0.32088
0 0.15801127214170693 0.6154666666666667 0.024154589371980676 0.24533333333333332
2 0.41851046698872785 0.5554933333333333 0.040966183574879224 0.11792
2 0.4439895330112721 0.5266133333333333 0.02028180354267306 0.061653333333333345
2 0.4523470209339775 0.4998 0.017141706924315683 0.06695999999999996
2 0.5467713365539453 0.53356 0.07471819645732686 0.09767999999999999
2 0.519291465378422 0.5154266666666666 0.05159420289855076 0.07133333333333333
2 0.3942552334943639 0.5577466666666666 0.06599838969404184 0.19666666666666666
