2 0.4964331723027375 0.5260133333333333 0.03929146537842196 0.12312000000000003
2 0.325390499194847 0.5519866666666666 0.06260064412238325 0.11816
2 0.6796658615136876 0.5718 0.15363123993558772 0.2409333333333334
2 0.6074959742351047 0.5380933333333333 0.10529790660225441 0.14605333333333329
2 0.5976851851851852 0.52448 0.08598228663446061 0.12533333333333332
2 0.5897624798711756 0.50768 0.07351851851851847 0.11781333333333335
2 0.5610144927536231 0.49045333333333335 0.06962962962962964 0.11024
2 0.5490016103059582 0.49589333333333335 0.0542834138486313 0.07119999999999997
2 0.3343236714975846 0.5082399999999999 0.04194847020933975 0.08325333333333333
2 0.4423148148148148 0.46334666666666663 0.024500805152979116 0.07581333333333334
2 0.3565257648953301 0.5028133333333333 0.032906602254428347 0.06946666666666669
2 0.4037037037037037 0.49024 0.021095008051529782 0.04122666666666661
2 0.3097705314009662 0.50152 0.02622383252818035 0.06032000000000001
2 0.11736714975845411 0.50912 0.03256038647342996 0.06858666666666666
