0 0.6435177705977383 0.6804010695187165 0.056001615508885334 0.47647058823529403
0 0.7022576736672052 0.6632620320855614 0.06758481421647826 0.4870053475935828
0 0.04048061389337642 0.6933957219251337 0.06273828756058158 0.4868449197860963
0 0.315391760904685 0.5921791443850267 0.03850565428109856 0.2928074866310161
0 0.5460581583198708 0.5500267379679145 0.021809369951534735 0.20406417112299463
0 0.7067528271405493 0.5756550802139038 0.06699515347334406 0.30911764705882355
0 0.915242326332795 0.5826470588235294 0.07161550888529894 0.41155080213903744
0 0.8352705977382876 0.5638235294117647 0.03931340872374804 0.323903743315508
0 0.36494345718901455 0.5654812834224598 0.026930533117932177 0.20016042780748658
0 0.3382471728594508 0.5637834224598931 0.025848142164781908 0.20590909090909096
0 0.9634168012924071 0.5744652406417112 0.06273021001615497 0.39128342245989295
2 0.44208400646203555 0.4920454545454545 0.025638126009693063 0.08569518716577543
2 0.37068255250403875 0.5171657754010696 0.06598546042003231 0.18406417112299464
2 0.3949757673667206 0.5082085561497326 0.04227786752827139 0.14058823529411768
