0 0.899464573268921 0.60772 0.10277777777777786 0.50248
2 0.904134460547504 0.7560266666666666 0.1901207729468599 0.4826133333333333
2 0.7643639291465377 0.6977199999999999 0.21940418679549106 0.39912000000000003
2 0.2749798711755233 0.6726133333333334 0.18235909822866342 0.37109333333333333
2 0.36415458937198064 0.6077866666666667 0.09045088566827696 0.21477333333333332
2 0.6449476650563607 0.5941333333333333 0.10047504025764892 0.21583999999999992
2 0.4106320450885668 0.5523866666666666 0.0582367149758454 0.16173333333333334
2 0.4626811594202899 0.5302800000000001 0.05003220611916263 0.11272000000000003
2 0.6044162640901771 0.54524 0.046706924315620055 0.14466666666666667
2 0.5470008051529791 0.51424 0.04511272141706922 0.07866666666666666
3 0.6581763285024155 0.4356933333333333 0.038252818035426725 0.10002666666666664
