2 0.8200644122383253 0.7364666666666667 0.30553945249597425 0.5217333333333334
2 0.3997463768115942 0.56016 0.08371175523349439 0.2591466666666666
0 0.706074879227053 0.715 0.06949275362318845 0.45746666666666663
2 0.1499074074074074 0.7775333333333333 0.2998148148148148 0.4396
2 0.6111111111111112 0.5659733333333333 0.07095008051529782 0.15221333333333337
2 0.6658655394524959 0.6071466666666666 0.1119565217391304 0.24490666666666674
2 0.4626288244766506 0.50492 0.026336553945249627 0.08242666666666673
2 0.4256884057971015 0.5489866666666666 0.05559581320450887 0.14719999999999997
2 0.5939935587761674 0.5408000000000001 0.048872785829307604 0.1250666666666667
2 0.5756924315619968 0.52312 0.03861513687600647 0.09552000000000005
2 0.5635909822866345 0.5131866666666667 0.032930756843800306 0.08327999999999997
