2 0.026590177133655392 0.8053733333333333 0.053180354267310784 0.38392
2 0.15528582930756846 0.7080399999999999 0.21195652173913043 0.33559999999999995
2 0.9706561996779387 0.52884 0.05707729468599042 0.37490666666666667
2 0.9114291465378421 0.5215066666666667 0.17553140096618355 0.30818666666666666
2 0.8364009661835748 0.52148 0.18998389694041862 0.22989333333333334
2 0.3038325281803543 0.6002533333333333 0.0996779388083736 0.17789333333333326
2 0.6526972624798711 0.61116 0.1280193236714976 0.2701599999999999
2 0.5988727858293076 0.5605733333333333 0.07505636070853455 0.18973333333333334
2 0.3521618357487923 0.5664933333333333 0.05825281803542675 0.13224
2 0.5643840579710144 0.5306266666666667 0.047415458937198056 0.10888000000000003
2 0.5499597423510466 0.5260533333333333 0.039581320450885644 0.08992
