2 0.49695249597423513 0.52316 0.03479066022544287 0.10898666666666668
2 0.9254106280193237 0.7138266666666666 0.1475684380032206 0.5670133333333333
2 0.8107850241545894 0.6684133333333332 0.22052334943639298 0.4236
2 0.6959863123993558 0.6041866666666666 0.16451690821256043 0.2702933333333334
2 0.6428341384863124 0.5657466666666666 0.12748792270531403 0.2259466666666667
2 0.6239975845410628 0.5476266666666667 0.11458132045088562 0.16656
2 0.6032568438003221 0.5292533333333334 0.09912238325281796 0.14992
2 0.5839935587761674 0.5144933333333334 0.07697262479871177 0.09751999999999998
2 0.42085346215781 0.5088266666666666 0.0216908212560386 0.05248000000000002
2 0.5584742351046699 0.50072 0.05757648953301126 0.07434666666666666
2 0.5429307568438003 0.49589333333333324 0.047487922705313934 0.05941333333333333
2 0.5337359098228663 0.4827199999999999 0.040305958132045044 0.06074666666666667
2 0.3982528180354267 0.49346666666666666 0.021400966183574913 0.04943999999999998
2 0.3774597423510467 0.49158666666666667 0.014243156199677937 0.038373333333333294
