2 0.10420692431561998 0.7768133333333334 0.20841384863123996 0.44103999999999993
2 0.2292834138486312 0.6551866666666666 0.14396135265700483 0.2504800000000001
2 0.30029790660225447 0.6052933333333333 0.08441223832528179 0.17549333333333325
2 0.3452254428341385 0.56904 0.06288244766505634 0.12592
2 0.751207729468599 0.47512000000000004 0.13502415458937203 0.1655466666666667
2 0.7203301127214171 0.47 0.08843800322061195 0.15264000000000003
2 0.6918800322061192 0.4722533333333333 0.09306763285024157 0.1350666666666666
2 0.9782447665056361 0.39896000000000004 0.04190016103059578 0.1232
2 0.9600040257648954 0.4052533333333333 0.07838164251207722 0.11455999999999994
2 0.6578099838969405 0.48018666666666665 0.08657004830917873 0.11349333333333333
2 0.3832769726247987 0.5413866666666667 0.04507246376811591 0.09466666666666666
2 0.561779388083736 0.5243333333333333 0.046054750402576526 0.11751999999999997
2 0.549243156199678 0.5160399999999999 0.036328502415458944 0.10221333333333336
