0 0.10387722132471729 0.6909893048128342 0.20775444264943457 0.6126737967914437
0 0.525407915993538 0.5651203208556149 0.02692245557350569 0.2518983957219251
0 0.3702261712439419 0.5420454545454546 0.022794830371567022 0.17457219251336895
0 0.35411550888529886 0.540681818181818 0.01821486268174476 0.16435828877005346
0 0.19755654281098547 0.806283422459893 0.11246365105008077 0.3820855614973262
0 0.5961672051696285 0.5177941176470588 0.018505654281098523 0.15628342245989302
0 0.5057592891760905 0.5248529411764706 0.017980613893376407 0.16649732620320856
0 0.5596486268174475 0.5640909090909091 0.02275444264943454 0.2423529411764706
0 0.5845072697899839 0.5318181818181819 0.021663974151857786 0.19754010695187163
0 0.6110056542810985 0.5078609625668449 0.016114701130856165 0.17144385026737968
2 0.44842891760904685 0.5075935828877005 0.031542810985460384 0.0805882352941176
0 0.18914781906300487 0.5939839572192513 0.036841680129240724 0.2731550802139038
0 0.5713651050080776 0.5555614973262032 0.018610662358642945 0.2005882352941176
