2 0.4836392914653785 0.5372266666666666 0.04576489533011275 0.12240000000000001
2 0.09206119162640902 0.7430666666666665 0.18412238325281804 0.5085333333333333
2 0.27594605475040257 0.5996266666666666 0.14020128824476652 0.22586666666666663
2 0.34897745571658617 0.5469333333333333 0.10624798711755236 0.15903999999999996
2 0.40818035426731075 0.5092933333333334 0.06735909822866341 0.09266666666666666
2 0.850744766505636 0.7530666666666666 0.2969001610305958 0.48853333333333326
2 0.5817149758454107 0.5434 0.058035426731078844 0.12930666666666668
2 0.5367471819645733 0.4786133333333334 0.034460547504025725 0.11386666666666671
2 0.22022141706924314 0.5573066666666666 0.09243961352657006 0.14298666666666668
2 0.49318840579710144 0.5084933333333334 0.030724637681159395 0.09282666666666667
2 0.14095008051529792 0.5291066666666667 0.0926731078904992 0.1117066666666667
