0 0.34585346215781 0.48191999999999996 0.012399355877616728 0.10517333333333333
2 0.3302576489533011 0.47013333333333335 0.047439613526570015 0.11973333333333334
2 0.36301529790660225 0.4797066666666666 0.046723027375201266 0.08853333333333338
2 0.40811191626409016 0.47333333333333333 0.05474235104669888 0.07642666666666673
2 0.5316384863123994 0.45786666666666664 0.05303542673107891 0.09567999999999999
2 0.5525523349436393 0.4634533333333334 0.04001610305958136 0.06424
2 0.5869484702093398 0.45864 0.0426731078904992 0.06821333333333336
2 0.6128623188405796 0.46652 0.04781803542673107 0.05373333333333335
2 0.6360668276972625 0.4666133333333334 0.0352576489533011 0.05397333333333328
2 0.6553824476650564 0.46792 0.039589371980676386 0.05098666666666668
2 0.6764170692431563 0.46268 0.04632850241545891 0.053093333333333326
2 0.7118921095008052 0.44698666666666664 0.04892109500805152 0.07375999999999999
2 0.7297866344605475 0.45397333333333334 0.043389694041867946 0.05002666666666664
2 0.7470893719806763 0.4567733333333333 0.03796296296296304 0.045653333333333344
