2 0.6046736502820306 0.5885372340425532 0.08646253021756643 0.19484042553191494
2 0.28293311845286057 0.6462101063829788 0.15911361804995974 0.34077127659574474
2 0.5318049959709912 0.5079654255319149 0.0315551974214343 0.07837765957446809
2 0.08928686543110395 0.640252659574468 0.1785737308622079 0.29837765957446805
2 0.36647461724415786 0.5679521276595745 0.08010475423045932 0.17473404255319153
2 0.2664302981466559 0.5606781914893617 0.08122481869460113 0.14061170212765958
2 0.3265592264302981 0.5371941489361702 0.04942788074133765 0.09710106382978728
2 0.3588879935535858 0.5045212765957446 0.033634165995165194 0.0926595744680851
2 0.42696212731668 0.5121808510638297 0.027510072522159538 0.06521276595744684
2 0.38577759871071715 0.49549202127659575 0.03213537469782433 0.07640957446808508
2 0.43727236099919414 0.5006117021276596 0.020894439967767887 0.053085106382978746
2 0.4842828364222401 0.5030186170212766 0.021539081385979063 0.06672872340425533
2 0.5048751007252216 0.4902393617021276 0.011426269137792062 0.03824468085106389
