2 0.49745974235104673 0.5241066666666667 0.040362318840579704 0.1264533333333333
2 0.26485507246376816 0.59164 0.09797101449275362 0.17154666666666668
2 0.7313446054750402 0.6080133333333333 0.18805152979066017 0.32103999999999994
2 0.629794685990338 0.5457333333333333 0.12071658615136872 0.17232
2 0.612950885668277 0.5339866666666666 0.09672302737520129 0.14397333333333334
2 0.6031602254428341 0.5132533333333333 0.08139291465378415 0.1325333333333333
2 0.5682608695652174 0.48991999999999997 0.07520128824476649 0.12096000000000003
2 0.553828502415459 0.49846666666666667 0.05812399355877621 0.07682666666666667
2 0.53762077294686 0.48296 0.04010466988727854 0.05386666666666671
2 0.3234541062801933 0.5118666666666666 0.04644122383252819 0.09013333333333329
2 0.4350845410628019 0.4653733333333333 0.027995169082125588 0.08322666666666668
2 0.34903381642512077 0.5062933333333334 0.03586151368760061 0.07440000000000001
2 0.3697544283413849 0.5048 0.02801127214170694 0.05279999999999995
2 0.40167874396135267 0.48984 0.02219806763285019 0.04319999999999997
2 0.2997544283413848 0.50392 0.02873590982286634 0.06416000000000001
2 0.09205716586151369 0.5147333333333334 0.03367954911433172 0.07367999999999998
