2 0.5025483091787439 0.5248799999999999 0.049299516908212576 0.13263999999999995
2 0.2982809983896941 0.6030533333333332 0.17166666666666666 0.25821333333333335
2 0.3604951690821256 0.5231733333333333 0.09036231884057973 0.15183999999999997
2 0.3828180354267311 0.51348 0.08723027375201287 0.12829333333333337
2 0.408695652173913 0.49410666666666664 0.07016103059581319 0.09098666666666667
2 0.439476650563607 0.45618666666666663 0.05874396135265694 0.1015466666666667
2 0.8264291465378422 0.7343999999999999 0.2773671497584542 0.4624533333333334
2 0.679291465378422 0.6067733333333334 0.12475040257648949 0.23600000000000007
2 0.6280475040257648 0.5335066666666667 0.08617552334943637 0.20103999999999997
0 0.5663929146537843 0.49667999999999995 0.01288244766505636 0.10226666666666664
2 0.6758896940418679 0.4989066666666666 0.089573268921095 0.11408
2 0.07863929146537842 0.6180933333333333 0.15727858293075683 0.31495999999999996
2 0.18382447665056362 0.5500933333333333 0.13876006441223834 0.19912000000000005
2 0.4985507246376812 0.48734666666666665 0.028953301127214108 0.08749333333333334
2 0.2482326892109501 0.5255466666666666 0.08309983896940422 0.15472000000000002
2 0.7866264090177134 0.47697333333333336 0.13571658615136872 0.16888000000000003
2 0.022822061191626407 0.5406666666666666 0.045644122383252814 0.18714666666666668
