2 0.9472467320261437 0.5699324324324324 0.10387254901960793 0.13889189189189186
2 0.8944362745098039 0.5626891891891892 0.10251633986928106 0.13181081081081084
2 0.825686274509804 0.5626351351351352 0.09475490196078443 0.142027027027027
2 0.50625 0.5070270270270271 0.027941176470588275 0.08194594594594594
0 0.7379901960784313 0.6230135135135135 0.06781045751633988 0.42013513513513523
0 0.7729330065359477 0.6269459459459461 0.050114379084967346 0.367945945945946
0 0.46554330065359484 0.578027027027027 0.04193627450980396 0.30486486486486486
0 0.23781454248366016 0.5053783783783784 0.02744281045751632 0.1768108108108108
0 0.2720179738562091 0.5186891891891893 0.016339869281045753 0.18148648648648652
0 0.26115196078431374 0.5366756756756756 0.026143790849673203 0.22654054054054054
0 0.2938031045751634 0.5428108108108107 0.03241013071895426 0.20632432432432435
0 0.18384395424836603 0.5198108108108108 0.022606209150326812 0.20394594594594598
0 0.2133496732026144 0.5233243243243243 0.02042483660130719 0.20043243243243244
0 0.2376470588235294 0.5311351351351351 0.018790849673202614 0.18064864864864866
0 0.2466993464052288 0.5205 0.027924836601307196 0.18289189189189187
