0 0.49800080775444266 0.5501604278074865 0.01815024232633282 0.16016042780748663
0 0.5106785137318256 0.5469786096256684 0.019127625201938572 0.183475935828877
0 0.02697495961227787 0.6950935828877004 0.05394991922455574 0.38537433155080203
0 0.1186470113085622 0.7292780748663101 0.08645395799676898 0.5360962566844919
0 0.7034168012924071 0.6563502673796792 0.06127625201938612 0.48874331550802136
0 0.8889135702746365 0.6832219251336898 0.10251211631663981 0.6282085561497326
0 0.4420315024232634 0.5562700534759358 0.02278675282714058 0.19355614973262034
2 0.35607835218093703 0.5652540106951871 0.11635702746365106 0.2956417112299465
2 0.40951938610662364 0.5341711229946524 0.06424071082390952 0.19925133689839566
0 0.6666437802907917 0.6033823529411765 0.040234248788368385 0.22002673796791442
