2 0.9465686274509804 0.5659459459459459 0.1052287581699346 0.1384864864864865
2 0.8943668300653594 0.563027027027027 0.1015441176470588 0.13178378378378378
2 0.8258578431372549 0.5620540540540541 0.09465686274509805 0.14194594594594598
2 0.5061519607843137 0.5075945945945947 0.027826797385620872 0.08194594594594594
1 0.45411764705882357 0.5745540540540541 0.054901960784313766 0.25521621621621626
1 0.5060539215686275 0.5535675675675675 0.05665032679738565 0.24832432432432433
1 0.3884354575163399 0.512445945945946 0.0199918300653595 0.11586486486486489
0 0.1553513071895425 0.4666486486486487 0.014150326797385615 0.1282162162162162
0 0.0851797385620915 0.5262162162162162 0.03447712418300654 0.25189189189189193
0 0.20080882352941176 0.49593243243243246 0.018856209150326785 0.1555945945945946
0 0.1744403594771242 0.48808108108108106 0.01912581699346405 0.15783783783783786
0 0.5673651960784314 0.6197837837837838 0.04414215686274508 0.4125405405405405
0 0.6045057189542483 0.6018243243243244 0.05402777777777778 0.38981081081081087
0 0.6693300653594771 0.612581081081081 0.09898692810457524 0.4537027027027027
0 0.9525857843137256 0.6908108108108109 0.0931944444444444 0.612972972972973
0 0.6633455882352941 0.6480405405405405 0.06391339869281037 0.5036486486486487
