2 0.4786180499597098 0.5136037234042553 0.034931506849315085 0.10507978723404253
2 0.03254633360193392 0.6621675531914893 0.06509266720386785 0.29944148936170206
2 0.1321313456889605 0.7105186170212765 0.264262691377921 0.42614361702127657
2 0.20877518130539885 0.5571276595744681 0.11651893634165994 0.21867021276595744
2 0.36659145850120867 0.5080186170212766 0.08132151490733276 0.2421542553191489
2 0.2798952457695407 0.5485771276595744 0.06232070910556001 0.11406914893617025
2 0.4074939564867042 0.5055319148936169 0.0380016116035455 0.10063829787234044
2 0.4237228041901692 0.5092021276595744 0.024754230459307032 0.060585106382978725
2 0.4362691377921031 0.4763297872340425 0.023336019339242575 0.08425531914893619
2 0.12347703464947624 0.5727925531914894 0.12540692989524577 0.16675531914893613
