2 0.49820450885668277 0.5292 0.04135265700483093 0.1295466666666667
2 0.19155797101449273 0.6411333333333333 0.15100644122383253 0.24157333333333342
2 0.7823027375201288 0.6497066666666667 0.22119162640901774 0.40741333333333324
2 0.6457407407407407 0.5607599999999999 0.13286634460547503 0.19661333333333336
2 0.6256159420289855 0.54204 0.1054669887278583 0.15981333333333328
2 0.6123631239935587 0.5201066666666666 0.0873671497584541 0.144
2 0.5739855072463768 0.49449333333333334 0.0795652173913043 0.12925333333333333
2 0.5574557165861513 0.5004133333333333 0.06099838969404186 0.08103999999999996
2 0.539537037037037 0.48889333333333335 0.04140901771336559 0.055866666666666634
2 0.3149718196457327 0.51744 0.050088566827697294 0.09557333333333334
2 0.4309339774557166 0.46987999999999996 0.029742351046698916 0.08904000000000004
2 0.3430475040257649 0.5135333333333333 0.03794685990338164 0.07783999999999999
2 0.36540257648953306 0.5100266666666666 0.029516908212560408 0.05504000000000004
2 0.399987922705314 0.4950533333333333 0.024049919484702097 0.04456000000000002
2 0.29259259259259257 0.50952 0.030628019323671513 0.06703999999999996
2 0.07311996779388083 0.51896 0.034420289855072464 0.0775466666666667
