2 0.044070048309178746 0.7798 0.08814009661835749 0.43506666666666666
2 0.28150966183574877 0.6138399999999999 0.10958937198067634 0.21402666666666664
2 0.3366183574879227 0.5724 0.07083735909822868 0.14351999999999998
2 0.36599838969404186 0.5535733333333334 0.049404186795491155 0.11445333333333337
2 0.3889533011272142 0.53752 0.04191626409017714 0.09093333333333331
2 0.6854106280193236 0.4680666666666667 0.09368760064412239 0.11816
2 0.6500644122383252 0.4667066666666666 0.06888888888888885 0.10210666666666664
2 0.9598752012882448 0.40564 0.07863929146537849 0.11437333333333337
2 0.939633655394525 0.41424 0.11517713365539449 0.11370666666666662
2 0.9108816425120774 0.4197866666666667 0.11100644122383244 0.09578666666666663
2 0.8834863123993558 0.4195466666666666 0.10146537842190015 0.09125333333333333
2 0.4132246376811594 0.52148 0.033663446054750405 0.07319999999999997
2 0.55323268921095 0.50244 0.034259259259259225 0.08834666666666666
