2 0.10631642512077294 0.7631066666666667 0.21263285024154588 0.4684533333333333
2 0.24719806763285024 0.6898666666666667 0.20921095008051532 0.3821333333333333
2 0.9467230273752012 0.5227733333333334 0.10494363929146532 0.27125333333333335
2 0.8324436392914654 0.5370933333333333 0.11652979066022545 0.21210666666666672
2 0.767902576489533 0.5258533333333333 0.09764090177133654 0.18167999999999998
2 0.7392632850241545 0.5162133333333333 0.09551529790660225 0.15130666666666662
2 0.7115177133655395 0.5094666666666667 0.0913607085346216 0.13941333333333333
2 0.6896819645732689 0.5116666666666666 0.09047504025764895 0.11410666666666672
2 0.5981038647342996 0.5708666666666666 0.08255233494363927 0.2126133333333333
2 0.5720531400966183 0.5501199999999999 0.05378421900161027 0.13
2 0.3896135265700483 0.5526 0.07057971014492756 0.16119999999999995
2 0.4151892109500805 0.5177066666666666 0.056497584541062816 0.15679999999999994
2 0.6226529790660226 0.4900266666666666 0.0664009661835749 0.09637333333333337
3 0.515 0.45482666666666666 0.04587761674718198 0.15717333333333333
