2 0.4822584541062802 0.54652 0.04630434782608695 0.12434666666666665
2 0.11716988727858293 0.69768 0.23433977455716587 0.46357333333333334
2 0.3160305958132045 0.5660666666666666 0.1153623188405797 0.15789333333333336
2 0.3476127214170692 0.5597866666666667 0.09440418679549115 0.12757333333333334
2 0.4344605475040258 0.5391866666666666 0.04331723027375198 0.09421333333333336
2 0.6016666666666667 0.5213333333333333 0.11573268921095009 0.3453866666666666
2 0.5143397745571658 0.505 0.020370370370370424 0.05271999999999995
2 0.2013768115942029 0.57304 0.09636070853462156 0.15247999999999995
2 0.25876409017713364 0.5188799999999999 0.09245571658615136 0.18752000000000005
2 0.48753220611916265 0.5171466666666666 0.03145732689210945 0.09509333333333332
2 0.1541867954911433 0.5396 0.07173913043478262 0.10666666666666666
1 0.09820450885668276 0.5447333333333333 0.03636070853462159 0.11117333333333332
