2 0.7327415458937199 0.67584 0.19538647342995175 0.3693866666666666
2 0.45530998389694044 0.5059066666666666 0.06575684380032212 0.07970666666666663
0 0.3796698872785829 0.5213466666666666 0.011272141706924315 0.13426666666666665
1 0.7375644122383254 0.53632 0.06651368760064413 0.16725333333333334
2 0.6288687600644122 0.48249333333333333 0.06179549114331723 0.07565333333333334
2 0.7822423510466989 0.4735333333333333 0.07704508856682765 0.07165333333333335
2 0.9665378421900161 0.46128 0.06531400966183566 0.0946133333333333
2 0.36442834138486313 0.5113066666666667 0.05235104669887277 0.07493333333333331
2 0.2126449275362319 0.52256 0.052761674718196455 0.07333333333333333
2 0.477890499194847 0.48446666666666666 0.01858293075684383 0.04194666666666664
2 0.4484782608695652 0.48984 0.021803542673107832 0.043093333333333324
