2 0.9397302737520129 0.5513866666666666 0.11892914653784221 0.29898666666666657
2 0.8813083735909824 0.5385599999999999 0.15171497584541058 0.2455466666666667
2 0.8169323671497584 0.5398133333333334 0.13880837359098228 0.1856
2 0.769585346215781 0.5313333333333333 0.10710950080515305 0.1550933333333334
2 0.8055475040257649 0.7296 0.3126570048309179 0.5354666666666666
2 0.6566183574879227 0.6275599999999999 0.11375201288244764 0.25234666666666655
2 0.31919082125603865 0.65584 0.15335748792270534 0.32517333333333337
2 0.38274959742351045 0.56224 0.10284219001610308 0.25829333333333326
2 0.7336191626409018 0.52184 0.09184380032206123 0.1316266666666667
2 0.6798631239935587 0.5034666666666667 0.09507246376811589 0.13338666666666668
2 0.6818196457326892 0.49261333333333335 0.11800322061191632 0.13327999999999998
2 0.41892914653784213 0.56168 0.057906602254428306 0.15680000000000002
2 0.43582528180354274 0.5436266666666667 0.050185185185185215 0.12021333333333337
2 0.6119323671497584 0.4889866666666667 0.06017713365539453 0.06842666666666665
3 0.5325080515297906 0.45941333333333334 0.05569243156199684 0.1957866666666667
