2 0.5048913043478261 0.5678666666666666 0.06409822866344607 0.20058666666666666
2 0.7352697262479871 0.5831866666666666 0.20121578099838977 0.44232
2 0.6325241545893721 0.54512 0.12000805152979062 0.1817066666666667
2 0.5719847020933977 0.5009066666666666 0.06359903381642512 0.08890666666666668
2 0.5499275362318841 0.4978 0.04259259259259267 0.06584
2 0.09970611916264091 0.58512 0.1674154589371981 0.22773333333333334
2 0.12634460547504026 0.5538933333333333 0.2526892109500805 0.7041066666666667
2 0.2152938808373591 0.5586133333333333 0.09243961352657006 0.15216
2 0.28380032206119166 0.54816 0.06014492753623187 0.09674666666666666
2 0.36336956521739133 0.5133333333333333 0.03681964573268923 0.06458666666666674
2 0.37956521739130433 0.5011733333333334 0.02658615136876005 0.06965333333333334
2 0.40497987117552336 0.4908 0.026078904991948412 0.04997333333333328
2 0.43690418679549115 0.49144000000000004 0.02525764895330113 0.03775999999999999
2 0.9441867954911431 0.5370133333333333 0.1100161030595814 0.10554666666666662
2 0.14384863123993558 0.5427066666666666 0.07194847020933978 0.12152000000000006
