2 0.06830112721417068 0.7636666666666666 0.13660225442834137 0.4673333333333333
2 0.12469001610305959 0.6929466666666667 0.24938003220611918 0.40248
2 0.16365539452495972 0.63632 0.2163768115942029 0.32666666666666666
2 0.21270933977455717 0.60624 0.22888083735909823 0.26682666666666666
2 0.23842592592592593 0.5774933333333333 0.1489291465378422 0.21050666666666656
2 0.2872463768115942 0.5746666666666667 0.13911433172302734 0.17557333333333325
2 0.298707729468599 0.55068 0.13913848631239936 0.15687999999999996
2 0.3368961352657005 0.5296266666666667 0.09963768115942029 0.13525333333333334
2 0.35045893719806764 0.51644 0.10133655394524961 0.15362666666666663
1 0.4530233494363929 0.5128266666666667 0.009122383252818068 0.07445333333333337
2 0.6572061191626409 0.66232 0.1337520128824476 0.31024000000000007
2 0.730889694041868 0.5738133333333333 0.17107085346215783 0.2198933333333334
2 0.6129106280193237 0.53552 0.09337359098228666 0.10197333333333336
2 0.6073389694041869 0.5180666666666666 0.07814009661835754 0.11458666666666666
2 0.3914573268921095 0.5161733333333333 0.0705636070853462 0.0779466666666667
2 0.5254549114331724 0.5096266666666667 0.025998389694041838 0.06479999999999995
