2 0.4929186795491143 0.5374399999999999 0.04334138486312403 0.1166933333333333
2 0.1695330112721417 0.6033866666666666 0.2835909822866345 0.7878933333333332
2 0.30516908212560384 0.5911466666666667 0.15154589371980673 0.20501333333333333
2 0.3818478260869565 0.5221866666666666 0.09363123993558774 0.1429333333333333
2 0.42257246376811597 0.49769333333333327 0.056143317230273763 0.09191999999999999
2 0.5385547504025765 0.47991999999999996 0.036964573268921164 0.11567999999999998
2 0.4888687600644122 0.5103066666666667 0.027270531400966188 0.08242666666666665
2 0.3452777777777778 0.5375333333333333 0.1399436392914654 0.21890666666666667
2 0.067902576489533 0.6215866666666666 0.135805152979066 0.31944000000000006
3 0.22002012882447664 0.44648 0.10665861513687601 0.20192
