2 0.15373590982286633 0.77064 0.30747181964573267 0.45338666666666666
2 0.40331320450885666 0.5867066666666666 0.06641706924315616 0.18397333333333327
2 0.4369162640901771 0.5505066666666666 0.039082125603864704 0.11242666666666665
2 0.4515338164251208 0.5045066666666667 0.0327294685990338 0.12176
2 0.5959822866344606 0.5487066666666666 0.10832528180354264 0.1392266666666667
2 0.5795410628019323 0.5366533333333333 0.09175523349436396 0.10578666666666671
2 0.5473711755233495 0.5200933333333334 0.06562801932367149 0.09026666666666665
2 0.4675764895330113 0.5008266666666666 0.022190016103059537 0.07258666666666666
2 0.336694847020934 0.6276133333333334 0.1474476650563607 0.39832000000000006
1 0.8822785829307568 0.56984 0.09141706924315617 0.29402666666666666
