2 0.8725563607085346 0.7389866666666667 0.25327697262479876 0.5166933333333333
2 0.1310547504025765 0.7219466666666667 0.2252657004830918 0.3837866666666666
2 0.6488486312399356 0.5988399999999999 0.11917874396135264 0.24557333333333334
2 0.3143357487922705 0.5788666666666666 0.09847826086956522 0.17341333333333334
2 0.5961392914653784 0.5586666666666666 0.07912238325281802 0.16607999999999992
2 0.393256843800322 0.5215333333333333 0.03788244766505637 0.09501333333333332
2 0.5584057971014492 0.5254533333333333 0.04700483091787439 0.11341333333333334
2 0.5482608695652175 0.51672 0.03795491143317229 0.09424
2 0.4069565217391304 0.51228 0.02856682769726245 0.07634666666666665
2 0.41538244766505633 0.4877066666666666 0.046674718196457306 0.051093333333333324
