2 0.49818840579710144 0.5248533333333333 0.04191626409017709 0.1128533333333333
2 0.10237117552334943 0.7102933333333333 0.18989533011272142 0.40768000000000004
2 0.20403784219001608 0.6344133333333333 0.17176328502415458 0.3089866666666666
2 0.3058695652173913 0.5582666666666667 0.10690821256038645 0.15290666666666666
2 0.4220410628019323 0.57024 0.06343800322061198 0.15152
2 0.440426731078905 0.53816 0.05056360708534618 0.12618666666666664
2 0.3745772946859904 0.5177866666666666 0.08076489533011272 0.10917333333333332
2 0.672950885668277 0.6690799999999999 0.15586956521739134 0.33565333333333325
3 0.6055434782608696 0.43805333333333335 0.11693236714975846 0.4016533333333333
0 0.6894605475040257 0.55348 0.022012882447665083 0.2430133333333333
2 0.5424919484702093 0.5116266666666667 0.033051529790660186 0.08853333333333338
3 0.5213888888888889 0.45316 0.0320048309178744 0.13682666666666668
2 0.48836956521739133 0.5064266666666667 0.02799516908212568 0.08458666666666666
2 0.1574355877616747 0.5408933333333332 0.08277777777777778 0.1164533333333333
