2 0.4951771336553945 0.52612 0.03805152979066022 0.11922666666666669
2 0.8677979066022545 0.7398266666666666 0.2627938808373591 0.5150133333333333
2 0.36805958132045086 0.5325866666666667 0.04191626409017714 0.0837866666666667
2 0.6372061191626409 0.5446133333333334 0.12330112721417068 0.18079999999999996
2 0.5869243156199678 0.5262533333333334 0.0893558776167472 0.12050666666666665
2 0.5530555555555555 0.4930133333333333 0.0634702093397745 0.09856000000000002
2 0.3459983896940419 0.5130399999999999 0.03737520128824478 0.07605333333333336
2 0.36513687600644124 0.4988533333333333 0.029613526570048287 0.06384
2 0.40756038647342996 0.49570666666666663 0.019822866344605478 0.03914666666666661
2 0.3222262479871176 0.5023333333333333 0.023405797101449268 0.05560000000000006
2 0.14616747181964576 0.5112666666666666 0.031078904991948465 0.06285333333333332
