2 0.8813405797101449 0.6672133333333332 0.2357085346215781 0.6602399999999999
2 0.4402657004830917 0.5166933333333333 0.04658615136876008 0.16917333333333331
2 0.778671497584541 0.46841333333333335 0.21289855072463765 0.26802666666666664
2 0.27238727858293077 0.5575733333333333 0.07214975845410629 0.13226666666666664
2 0.19445652173913042 0.5348266666666667 0.08976650563607083 0.17984
2 0.37359098228663445 0.5041466666666666 0.03645732689210948 0.09442666666666666
2 0.5856199677938808 0.5192533333333333 0.0654428341384863 0.12058666666666666
2 0.4685064412238325 0.47842666666666667 0.02778582930756843 0.08064000000000002
2 0.4986312399355877 0.44977333333333336 0.029533011272141668 0.10456000000000001
2 0.6309098228663446 0.50672 0.06850241545893723 0.12704000000000004
2 0.951501610305958 0.4347733333333333 0.09538647342995171 0.19231999999999996
3 0.46329710144927533 0.43651999999999996 0.029653784219001642 0.14701333333333333
2 0.05682367149758454 0.5728266666666667 0.11364734299516908 0.14165333333333335
