0 0.7402100161550889 0.6920320855614973 0.07269789983844911 0.6105882352941177
0 0.058121970920840066 0.6755614973262032 0.11624394184168013 0.6435294117647059
0 0.4822011308562197 0.5185026737967915 0.026389337641356998 0.2505882352941176
0 0.7027342487883684 0.6736363636363636 0.041736672051696344 0.5046524064171123
0 0.6221365105008078 0.6251737967914438 0.042544426494345686 0.41970588235294115
0 0.5927302100161551 0.5940106951871658 0.03258481421647822 0.3520320855614973
0 0.6827302100161552 0.5571256684491979 0.06507269789983841 0.3361764705882353
0 0.6495395799676899 0.6022459893048129 0.04147011308562191 0.34561497326203205
0 0.653267366720517 0.5181016042780748 0.028537964458804466 0.2631550802139037
2 0.45249596122778685 0.48549465240641704 0.05006462035541188 0.1269786096256684
