2 0.6573590982286635 0.569 0.09146537842190018 0.3222666666666667
2 0.3852697262479871 0.6128533333333333 0.13018518518518518 0.21829333333333337
2 0.28986714975845407 0.5781866666666666 0.14675523349436392 0.26656
2 0.5533896940418679 0.5322133333333333 0.056570048309178826 0.14197333333333328
2 0.9351811594202898 0.60068 0.12802737520128823 0.26098666666666664
2 0.6987399355877617 0.4953733333333333 0.0406843800322061 0.11495999999999995
2 0.7422665056360709 0.4606133333333334 0.04986312399355883 0.14394666666666664
2 0.9834339774557166 0.54924 0.03152173913043486 0.22312000000000004
3 0.6910466988727858 0.4325866666666667 0.046763285024154624 0.20186666666666664
2 0.14224637681159422 0.6111733333333333 0.16285024154589373 0.19082666666666676
2 0.05495169082125604 0.6069333333333333 0.10990338164251208 0.15594666666666657
