2 0.3948067632850242 0.5344666666666666 0.06299516908212562 0.2271733333333333
2 0.8505917874396135 0.46257333333333334 0.2891545893719807 0.37144000000000005
2 0.17003623188405798 0.5894 0.11611111111111112 0.18418666666666664
2 0.06741545893719807 0.5786266666666667 0.13483091787439613 0.25015999999999994
2 0.32132850241545896 0.5212133333333333 0.04983896940418682 0.11858666666666666
2 0.5848993558776167 0.5310133333333333 0.08778582930756851 0.15696000000000004
2 0.44154589371980674 0.48313333333333336 0.030853462157809933 0.09426666666666665
2 0.47617552334943636 0.4485333333333333 0.03299516908212562 0.1177066666666667
2 0.6446779388083737 0.5189466666666667 0.08995169082125597 0.1631733333333333
2 0.712926731078905 0.5200666666666667 0.10425925925925926 0.13666666666666666
2 0.9794685990338164 0.43543999999999994 0.039452495974235106 0.20479999999999998
3 0.43513285024154585 0.43882666666666664 0.03499999999999993 0.1681066666666667
