2 0.12456119162640902 0.7652533333333333 0.24912238325281805 0.46416
2 0.9401731078904993 0.7775333333333333 0.11804347826086949 0.4396
2 0.2604710144927536 0.64364 0.15574074074074076 0.2638133333333333
2 0.7931682769726248 0.7457866666666667 0.2902012882447665 0.5030933333333333
2 0.3979428341384863 0.53216 0.04501610305958134 0.10442666666666665
2 0.6610668276972625 0.6196 0.12385668276972628 0.26810666666666666
2 0.6145893719806763 0.5698666666666666 0.07409017713365547 0.17759999999999998
2 0.5887278582930757 0.5463466666666666 0.057809983896940476 0.13216
2 0.41439210950080513 0.52172 0.040297906602254484 0.09213333333333329
2 0.5780273752012883 0.52676 0.042190016103059565 0.10525333333333332
