2 0.15996779388083737 0.7776933333333332 0.31993558776167474 0.43927999999999995
2 0.32118760064412233 0.69316 0.169621578099839 0.36173333333333324
2 0.7109782608695652 0.67228 0.15562801932367146 0.4060533333333333
2 0.40863123993558775 0.55696 0.0635104669887279 0.17930666666666661
2 0.42493961352657 0.5453999999999999 0.06421095008051529 0.12605333333333335
2 0.537157809983897 0.46912000000000004 0.05349436392914658 0.05925333333333333
2 0.6857407407407408 0.5961866666666666 0.09813204508856682 0.24474666666666658
2 0.7273470209339774 0.5395066666666667 0.09556360708534625 0.19474666666666665
2 0.6534460547504025 0.4978533333333333 0.10101449275362312 0.12519999999999998
2 0.9242914653784219 0.50684 0.10642512077294673 0.14712000000000003
2 0.8414694041867955 0.48235999999999996 0.08430756843800324 0.09320000000000005
