1 0.3103703703703704 0.6518533333333333 0.05780998389694043 0.3209333333333333
2 0.8779669887278583 0.7509733333333334 0.24245571658615137 0.49272
2 0.856135265700483 0.6345066666666667 0.28611916264090176 0.4216533333333333
2 0.23530193236714977 0.5818666666666666 0.18108695652173912 0.1896
2 0.281682769726248 0.5689466666666666 0.14305958132045088 0.16168
2 0.3155193236714976 0.5418533333333333 0.08851046698872782 0.1270133333333333
2 0.5417874396135266 0.5464266666666666 0.056505636070853515 0.1356266666666667
2 0.36508856682769725 0.5176533333333333 0.07025764895330112 0.09071999999999995
2 0.5134500805152978 0.5038933333333333 0.027850241545893745 0.07791999999999999
2 0.49111111111111116 0.4647066666666666 0.014363929146537868 0.056346666666666725
