2 0.6103623188405797 0.6080533333333332 0.10128824476650569 0.21765333333333325
2 0.1340257648953301 0.6602399999999999 0.2680515297906602 0.2968533333333333
2 0.20006441223832527 0.6236533333333333 0.1966183574879227 0.2461333333333333
2 0.22967391304347826 0.6040933333333334 0.17268115942028986 0.1996533333333334
2 0.2728743961352657 0.5864133333333333 0.1418035426731079 0.17709333333333338
2 0.5498268921095008 0.55116 0.05566022544283414 0.1256266666666667
2 0.3631723027375201 0.5448000000000001 0.09426731078904996 0.10741333333333333
2 0.5339170692431562 0.5271733333333333 0.03516103059581326 0.0803733333333333
2 0.3685265700483092 0.5178533333333333 0.06265700483091786 0.10381333333333335
2 0.5164975845410628 0.49998666666666663 0.021465378421900227 0.06514666666666669
