2 0.3522665056360708 0.5141866666666667 0.029879227053140108 0.10608
1 0.4390096618357488 0.6062266666666666 0.04798711755233487 0.26658666666666664
2 0.6583333333333333 0.6776533333333333 0.13524959742351048 0.3862933333333334
2 0.5400080515297907 0.61936 0.11951690821256034 0.24645333333333336
2 0.18303140096618356 0.6528533333333333 0.11873590982286635 0.24127999999999997
2 0.22549114331723027 0.6011066666666667 0.076231884057971 0.19554666666666662
2 0.46831320450885666 0.5698933333333334 0.06883252818035428 0.16698666666666667
2 0.4432487922705315 0.5512666666666667 0.05826892109500806 0.12786666666666663
2 0.24929549114331723 0.5718933333333334 0.04971819645732689 0.12565333333333334
2 0.41535024154589373 0.5498266666666667 0.038864734299516895 0.09474666666666667
