0 0.5708537581699347 0.47828378378378383 0.01976307189542488 0.15375675675675674
0 0.23970179738562092 0.5239864864864865 0.02941993464052287 0.32435135135135135
0 0.9340767973856209 0.6728378378378378 0.1302124183006537 0.648918918918919
0 0.5245179738562091 0.5586351351351352 0.03748366013071895 0.3343513513513514
0 0.5704411764705882 0.5332027027027028 0.03864379084967317 0.3505135135135135
0 0.4950367647058823 0.5073648648648649 0.029011437908496727 0.2648918918918919
0 0.47134803921568635 0.5122837837837838 0.0305882352941176 0.2695945945945946
0 0.5278839869281046 0.5030135135135135 0.028888888888888808 0.23991891891891895
0 0.564983660130719 0.5075675675675676 0.022418300653594722 0.22470270270270276
0 0.38369281045751635 0.5174054054054055 0.02576797385620917 0.2762702702702703
0 0.40618464052287584 0.518472972972973 0.022581699346405217 0.23024324324324325
0 0.42837826797385625 0.49825675675675685 0.024959150326797394 0.25581081081081086
0 0.4533169934640523 0.5231756756756757 0.019754901960784367 0.21289189189189192
0 0.4206004901960785 0.5000810810810811 0.0427859477124183 0.2289189189189189
2 0.10930147058823529 0.49864864864864866 0.21860294117647058 0.9972972972972973
