2 0.6656642512077294 0.5164133333333333 0.15419484702093397 0.18061333333333338
2 0.9924758454106279 0.4252133333333333 0.01343800322061196 0.12610666666666664
2 0.8820128824476651 0.436 0.09069243156199668 0.09087999999999996
2 0.8568840579710145 0.4370266666666666 0.0868599033816426 0.08514666666666668
2 0.8384983896940419 0.4442933333333334 0.086658615136876 0.08543999999999997
2 0.3944887278582931 0.53936 0.04314814814814813 0.11232
2 0.45543880837359096 0.51252 0.03150563607085346 0.08093333333333332
2 0.654585346215781 0.4714666666666667 0.07962157809983905 0.10047999999999994
2 0.7348470209339775 0.4391866666666666 0.03948470209339781 0.07650666666666665
2 0.7644967793880837 0.4467466666666667 0.04305152979066025 0.06944000000000006
2 0.5388647342995169 0.4919733333333333 0.02842190016103056 0.06437333333333337
