2 0.6246457326892109 0.6035066666666666 0.12565217391304354 0.31890666666666667
2 0.08535829307568438 0.7124400000000001 0.17071658615136875 0.43543999999999994
2 0.13447665056360708 0.6588133333333334 0.26895330112721416 0.33202666666666664
2 0.1884380032206119 0.6219733333333334 0.218743961352657 0.2526933333333333
2 0.23470209339774556 0.58892 0.16246376811594201 0.20872000000000002
2 0.29675523349436395 0.5428133333333334 0.15326892109500806 0.20610666666666663
2 0.2740619967793881 0.5697199999999999 0.1323913043478261 0.1992266666666667
2 0.5828864734299516 0.5732799999999999 0.07475845410628021 0.16901333333333332
2 0.3102375201288245 0.5320133333333333 0.10804347826086956 0.17554666666666663
2 0.34047101449275363 0.5314133333333333 0.10467793880837359 0.13173333333333326
2 0.5324476650563607 0.5192 0.031739130434782575 0.08320000000000004
2 0.5603502415458937 0.5442266666666666 0.05234299516908212 0.13666666666666666
