2 0.04599436392914654 0.7974933333333333 0.09198872785829308 0.39968
2 0.9441787439613527 0.5966400000000001 0.1100322061191627 0.3907733333333333
2 0.21757648953301129 0.6671866666666666 0.17072463768115942 0.27741333333333323
2 0.8169605475040258 0.7431466666666666 0.32242351046698875 0.5083733333333332
2 0.653852657004831 0.61924 0.1272383252818035 0.29319999999999996
2 0.3096417069243156 0.5979066666666667 0.08245571658615135 0.17821333333333328
2 0.5844927536231884 0.55168 0.06222222222222229 0.1392533333333333
2 0.37364734299516905 0.55364 0.05613526570048311 0.11474666666666666
2 0.5620289855072463 0.5393466666666666 0.04925925925925922 0.1099466666666667
2 0.41349838969404185 0.5193599999999999 0.028365539452495942 0.07434666666666666
2 0.5422463768115943 0.5181733333333333 0.03397745571658619 0.08461333333333337
2 0.46166264090177134 0.48873333333333335 0.036175523349436446 0.044826666666666674
