2 0.49611111111111106 0.52244 0.03560386473429954 0.1115466666666667
2 0.827367149758454 0.71412 0.24515297906602246 0.5664266666666666
2 0.7236835748792271 0.62964 0.19252012882447667 0.33240000000000003
2 0.6685507246376811 0.5718799999999999 0.14962962962962967 0.25656
2 0.6413123993558776 0.5578933333333334 0.10946859903381645 0.17967999999999998
2 0.6171135265700483 0.53576 0.10524154589371974 0.14016
2 0.4290660225442834 0.49577333333333334 0.017922705314009656 0.0404533333333333
2 0.38150161030595814 0.5289466666666667 0.03735104669887278 0.08301333333333331
2 0.5747342995169081 0.5077733333333334 0.07217391304347825 0.09522666666666668
2 0.5537399355877617 0.49951999999999996 0.05765700483091779 0.07327999999999997
2 0.5381441223832528 0.4844266666666666 0.04651368760064411 0.07077333333333338
2 0.38261272141706926 0.4980666666666666 0.025660225442834143 0.056933333333333315
2 0.36051529790660225 0.4929466666666667 0.01671497584541062 0.043226666666666684
