2 0.49666264090177137 0.5250133333333333 0.034549114331723 0.10821333333333329
2 0.05585346215780999 0.6297599999999999 0.11170692431561997 0.2673066666666666
2 0.8024798711755233 0.6648799999999999 0.20557165861513682 0.4423999999999999
2 0.7253019323671498 0.6034666666666666 0.17000805152979065 0.2865599999999999
2 0.6503502415458937 0.5738 0.13198872785829313 0.20402666666666672
2 0.6166143317230274 0.5462666666666667 0.10788244766505636 0.18202666666666664
2 0.6052536231884058 0.5358933333333332 0.09865539452495972 0.13994666666666664
2 0.5886473429951691 0.52332 0.08671497584541066 0.12968
2 0.4290217391304348 0.5032266666666666 0.018864734299516867 0.04608
2 0.5406682769726248 0.49350666666666665 0.04455716586151362 0.05544000000000005
2 0.5317632850241546 0.48384 0.03855072463768115 0.05760000000000006
2 0.40304750402576495 0.4941066666666667 0.020120772946859957 0.04704000000000004
