2 0.31216586151368764 0.7230399999999999 0.23349436392914655 0.4667733333333334
2 0.852987117552335 0.7671733333333333 0.292415458937198 0.46032
2 0.754766505636071 0.7354666666666665 0.23020933977455724 0.50288
2 0.9653140096618358 0.4941466666666667 0.06776167471819652 0.22472000000000003
2 0.9170209339774558 0.4898 0.16434782608695644 0.27773333333333333
2 0.8160789049919485 0.5049333333333333 0.15644122383252823 0.24735999999999997
2 0.3935144927536232 0.5748800000000001 0.07965378421900166 0.18533333333333332
2 0.42809983896940423 0.54792 0.06650563607085348 0.13973333333333327
2 0.7180475040257649 0.5057333333333334 0.07176328502415459 0.11216
2 0.6929790660225443 0.5018133333333333 0.06135265700483086 0.10373333333333334
2 0.5873148148148147 0.5273066666666667 0.0432286634460547 0.11290666666666667
2 0.4663204508856683 0.51096 0.03948470209339781 0.09520000000000005
2 0.47760869565217395 0.4964133333333333 0.03389694041867957 0.10226666666666673
2 0.628731884057971 0.4766533333333333 0.04883252818035434 0.07138666666666661
3 0.5468558776167473 0.4572399999999999 0.037028985507246384 0.12359999999999997
