1 0.9856682769726248 0.6824933333333333 0.027053140096618283 0.62968
0 0.681755233494364 0.5948266666666666 0.03660225442834141 0.4028266666666666
0 0.961964573268921 0.6388666666666666 0.06167471819645726 0.4246133333333333
0 0.12266505636070853 0.5990933333333334 0.03737520128824478 0.2856533333333334
0 0.18323268921095007 0.5987199999999999 0.03326086956521739 0.3069866666666666
0 0.0886634460547504 0.6118399999999999 0.0426731078904992 0.14032
1 0.37370772946859904 0.5293333333333333 0.03049114331723028 0.1690666666666666
2 0.4463003220611917 0.4876266666666667 0.05707729468599033 0.14821333333333336
0 0.6869283413848631 0.5718799999999999 0.03482286634460548 0.32621333333333336
1 0.4925603864734299 0.5158533333333333 0.033752012882447724 0.1115466666666667
