2 0.6392109500805153 0.4805466666666666 0.12027375201288244 0.1413066666666666
2 0.9581481481481481 0.42490666666666665 0.08209339774557169 0.11098666666666668
2 0.9927173913043478 0.4231733333333333 0.012954911433172237 0.1255466666666666
2 0.8463043478260871 0.43119999999999997 0.0781803542673109 0.07973333333333335
2 0.8262117552334943 0.43388000000000004 0.07567632850241555 0.07517333333333333
2 0.4233494363929146 0.51276 0.03521739130434779 0.09378666666666671
2 0.4773188405797101 0.48591999999999996 0.023671497584541044 0.06181333333333335
2 0.6474275362318841 0.44864 0.06979871175523354 0.08864000000000002
2 0.7255998389694042 0.43545333333333336 0.0341787439613526 0.06968000000000006
2 0.7534259259259259 0.43571999999999994 0.03860708534621582 0.06391999999999999
2 0.5468115942028985 0.47597333333333336 0.025330112721417098 0.05765333333333334
