2 0.07843397745571659 0.7898933333333332 0.15686795491143318 0.41488
2 0.1866908212560386 0.6907866666666667 0.16853462157809984 0.30306666666666665
2 0.28782608695652173 0.61532 0.1007246376811594 0.18610666666666664
2 0.8896135265700483 0.4922133333333333 0.21916264090177137 0.25658666666666663
2 0.821231884057971 0.4809866666666667 0.13666666666666658 0.22175999999999998
2 0.7693679549114332 0.4808533333333333 0.1348067632850241 0.18816
2 0.7157407407407408 0.4890133333333333 0.11929146537842188 0.15221333333333328
2 0.3542632850241546 0.56516 0.06445249597423507 0.12413333333333336
2 0.5897665056360709 0.5503466666666667 0.07249597423510463 0.16410666666666665
2 0.5664251207729468 0.52948 0.04925925925925931 0.13325333333333333
