2 0.8651892109500806 0.6110933333333333 0.26801127214170695 0.56608
2 0.3108212560386473 0.5813333333333334 0.09291465378421902 0.21210666666666664
2 0.36541062801932367 0.5975066666666666 0.12613526570048306 0.2837599999999999
2 0.7307286634460548 0.45865333333333336 0.12580515297906603 0.15341333333333332
2 0.8226046698872785 0.43616 0.06255233494363924 0.10613333333333336
2 0.9285869565217392 0.4158533333333333 0.07669082125603864 0.12498666666666668
2 0.858659420289855 0.4416133333333333 0.07057165861513685 0.09618666666666664
2 0.35631642512077294 0.55492 0.06836553945249599 0.14664000000000002
2 0.5524718196457328 0.49487999999999993 0.038276972624798775 0.08975999999999999
2 0.4987479871175523 0.5019866666666667 0.02640096618357494 0.06951999999999998
2 0.4694685990338164 0.46896000000000004 0.02874396135265695 0.041493333333333264
