2 0.0619122383252818 0.7497466666666666 0.1238244766505636 0.4951733333333333
2 0.14933574879227052 0.6008 0.25411433172302733 0.36405333333333334
2 0.7252536231884058 0.7588 0.24831723027375208 0.47706666666666664
2 0.5775281803542672 0.5735333333333332 0.07098228663446052 0.19336000000000003
2 0.22099033816425123 0.6138399999999999 0.17938808373590984 0.23482666666666674
2 0.2728341384863124 0.59092 0.1394524959742351 0.19250666666666666
2 0.28497584541062804 0.5734933333333333 0.15181964573268922 0.17770666666666662
2 0.5535748792270531 0.5510133333333334 0.05057971014492758 0.11834666666666666
2 0.5354710144927537 0.5283333333333333 0.032874396135265736 0.09901333333333331
2 0.37992351046698875 0.5210266666666666 0.057302737520128835 0.10509333333333332
