2 0.4820974235104671 0.5048666666666666 0.027077294685990336 0.08530666666666661
2 0.48869162640901764 0.49273333333333336 0.023035426731078917 0.07848000000000002
0 0.8400201288244767 0.6513066666666667 0.056626409017713396 0.48517333333333323
2 0.6659178743961353 0.6486266666666667 0.16119162640901766 0.35581333333333326
2 0.5897141706924315 0.5766666666666667 0.07392109500805158 0.21653333333333338
2 0.537572463768116 0.5003866666666666 0.03400161030595815 0.10679999999999995
2 0.10190821256038649 0.68516 0.1930595813204509 0.286
2 0.22037439613526574 0.5976933333333333 0.11569243156199678 0.19693333333333332
2 0.3030676328502415 0.5480133333333334 0.06801932367149756 0.12770666666666664
2 0.5177375201288245 0.48384 0.017391304347826105 0.05477333333333339
