2 0.2750764895330113 0.7450933333333334 0.16670692431561998 0.3813333333333334
2 0.8460144927536232 0.7600133333333333 0.30636070853462155 0.47464
2 0.6705434782608696 0.7197066666666666 0.17535426731078912 0.4001066666666667
2 0.5940458937198068 0.6340266666666666 0.09818840579710139 0.22095999999999996
2 0.3508615136876006 0.6560133333333333 0.09508856682769723 0.21256000000000003
2 0.3807528180354267 0.6171733333333334 0.05474235104669888 0.15024
2 0.40185185185185185 0.6032 0.046827697262479845 0.11994666666666663
2 0.568305152979066 0.59448 0.06366344605475044 0.15482666666666667
2 0.5521417069243156 0.5823733333333333 0.04392914653784215 0.11946666666666662
2 0.7022463768115943 0.5225466666666667 0.07632850241545899 0.11917333333333333
2 0.5175644122383253 0.5527866666666666 0.027157809983896865 0.06578666666666663
2 0.4614734299516909 0.53712 0.028244766505636103 0.04143999999999998
1 0.4424476650563607 0.54552 0.012866344605475056 0.0445333333333333
