2 0.31947303921568626 0.6343243243243243 0.14602124183006535 0.30335135135135133
1 0.971266339869281 0.4624324324324324 0.05583333333333327 0.24627027027027026
1 0.8934558823529414 0.4588108108108108 0.06893790849673193 0.18940540540540546
0 0.48245915032679737 0.5201216216216217 0.02759803921568625 0.19597297297297295
1 0.6908006535947713 0.4680945945945946 0.03794117647058819 0.11267567567567567
0 0.33748366013071895 0.533445945945946 0.023366013071895442 0.22370270270270268
1 0.7237949346405229 0.46890540540540543 0.023946078431372596 0.12981081081081083
0 0.1645547385620915 0.5625 0.02920751633986928 0.16543243243243239
0 0.14887663398692813 0.5699054054054055 0.025498366013071903 0.16002702702702706
1 0.2679125816993464 0.5575810810810812 0.06945261437908497 0.20818918918918922
0 0.18133169934640522 0.5622567567567568 0.025571895424836587 0.1664054054054054
0 0.15335784313725492 0.570445945945946 0.033235294117647064 0.20862162162162162
0 0.25870915032679737 0.5449459459459459 0.018839869281045755 0.2056216216216216
2 0.9742075163398691 0.4196621621621622 0.049950980392156945 0.11337837837837836
2 0.9120710784313726 0.4512972972972974 0.11084150326797391 0.09664864864864871
