0 0.24473856209150327 0.5023918918918919 0.01715686274509804 0.1528378378378378
0 0.32952614379084966 0.49062162162162165 0.013071895424836602 0.1053513513513514
0 0.06621732026143791 0.5358513513513513 0.03758169934640523 0.2750540540540541
0 0.24270424836601306 0.4725 0.012254901960784314 0.10845945945945945
2 0.4692320261437908 0.48471621621621624 0.019558823529411715 0.04943243243243249
2 0.8291217320261438 0.5540405405405406 0.08843954248366014 0.13024324324324324
2 0.8941952614379084 0.557445945945946 0.0987990196078432 0.12467567567567567
2 0.947888071895425 0.5591621621621622 0.1025898692810457 0.12627027027027027
0 0.03318218954248366 0.5378378378378379 0.030841503267973858 0.25416216216216225
0 0.2684313725490196 0.47516216216216217 0.011437908496732027 0.11572972972972972
0 0.2538684640522876 0.48029729729729737 0.009256535947712405 0.10189189189189186
0 0.11890114379084968 0.5370810810810811 0.028325163398692826 0.2377297297297297
0 0.07548611111111111 0.5239324324324325 0.025057189542483663 0.24224324324324326
0 0.6016748366013073 0.6393918918918919 0.06127450980392157 0.4007297297297297
0 0.7532924836601307 0.6007702702702703 0.06454248366013073 0.40770270270270265
1 0.3883782679738562 0.5027837837837839 0.014779411764705909 0.11351351351351352
0 0.05282679738562091 0.5271216216216217 0.021241830065359478 0.2092702702702703
0 0.014272875816993463 0.5203378378378379 0.028545751633986927 0.2342972972972973
2 0.5061968954248367 0.5021486486486487 0.029468954248366055 0.07624324324324327
0 0.22974264705882358 0.4669594594594595 0.007900326797385634 0.09543243243243245
0 0.18415032679738563 0.47352702702702704 0.008169934640522876 0.11862162162162167
0 0.9261029411764707 0.5301216216216216 0.009264705882352875 0.09754054054054055
