2 0.8781884057971014 0.6542266666666666 0.24201288244766508 0.6862133333333332
2 0.7469283413848631 0.68528 0.2711513687600644 0.6241066666666666
2 0.6366867954911433 0.6065733333333333 0.10649758454106278 0.2774666666666667
0 0.5715177133655395 0.5073333333333333 0.013148148148148181 0.13834666666666665
0 0.5792673107890499 0.5093066666666667 0.012077294685990338 0.13295999999999997
2 0.43066425120772944 0.5130533333333333 0.029589371980676328 0.0955466666666667
0 0.5121014492753623 0.4979866666666667 0.00697262479871173 0.07698666666666668
2 0.31930756843800323 0.5947733333333333 0.08940418679549116 0.1951466666666667
2 0.06377616747181963 0.7686533333333333 0.12755233494363927 0.45735999999999993
2 0.17329307568438004 0.6955733333333333 0.22009661835748792 0.40666666666666657
0 0.35783816425120774 0.5343066666666667 0.010732689210950113 0.09602666666666664
