2 0.4348510466988728 0.5136133333333334 0.020555555555555535 0.060400000000000016
2 0.19819243156199678 0.5159199999999999 0.048059581320450885 0.08250666666666666
2 0.23495169082125603 0.5150666666666666 0.04069243156199675 0.06357333333333334
2 0.8530314009661837 0.5671866666666666 0.07975040257648949 0.09357333333333334
2 0.26564814814814813 0.5143866666666667 0.033679549114331755 0.05783999999999999
2 0.4494806763285024 0.50284 0.017399355877616665 0.04616000000000001
2 0.4774557165861514 0.5464133333333333 0.04170692431561993 0.1376266666666667
2 0.14610708534621578 0.5246799999999999 0.06503220611916262 0.08386666666666663
1 0.7179991948470209 0.5577333333333333 0.02195652173913042 0.1166933333333333
2 0.9230152979066022 0.5677466666666666 0.06630434782608688 0.08616
