0 0.015072463768115942 0.5162666666666667 0.013687600644122383 0.11413333333333336
0 0.046034621578099844 0.5103733333333332 0.019863123993558777 0.10608
0 0.1539291465378422 0.5065066666666667 0.0213365539452496 0.12549333333333335
0 0.46295088566827697 0.4876133333333333 0.010201288244766564 0.09101333333333332
2 0.43818035426731083 0.47217333333333333 0.03967793880837357 0.10328000000000004
2 0.46634863123993564 0.48131999999999997 0.040861513687600645 0.07767999999999999
2 0.505708534621578 0.48090666666666665 0.04896940418679553 0.06810666666666672
2 0.6193196457326892 0.46568 0.049991948470209366 0.08885333333333331
2 0.6401932367149757 0.47034666666666664 0.03793880837359099 0.06048000000000001
2 0.6735708534621578 0.4697866666666667 0.04203703703703698 0.06453333333333337
2 0.7649194847020934 0.4749466666666667 0.04950080515297908 0.05208
