2 0.24242351046698876 0.7689866666666667 0.23933977455716585 0.4566933333333333
2 0.09596618357487922 0.7760933333333332 0.19193236714975845 0.44248
1 0.9352415458937199 0.7596 0.12790660225442826 0.4754666666666667
2 0.4154227053140097 0.5819866666666667 0.05459742351046699 0.15757333333333334
2 0.44542270531400957 0.5523866666666667 0.03292270531400965 0.09784
2 0.45584541062801937 0.5136666666666666 0.027922705314009623 0.10514666666666668
2 0.5816384863123993 0.5524 0.09522544283413847 0.1236266666666667
2 0.5680716586151369 0.54264 0.08271336553945251 0.09632
2 0.5420531400966184 0.5260266666666666 0.06038647342995169 0.08330666666666668
2 0.4694283413848631 0.5064266666666667 0.01867954911433176 0.06394666666666671
2 0.36949677938808373 0.6041733333333333 0.10635265700483094 0.3009866666666667
