2 0.04589371980676329 0.7598933333333332 0.09178743961352658 0.47488
2 0.13960144927536233 0.6311733333333333 0.23757648953301128 0.28096000000000004
2 0.21973429951690818 0.6074133333333334 0.21454106280193236 0.23616
2 0.2481280193236715 0.5842533333333333 0.17395330112721416 0.19954666666666662
2 0.7755636070853462 0.7427733333333334 0.2703542673107891 0.5091199999999999
2 0.5827053140096619 0.5716133333333333 0.06243156199677936 0.14482666666666666
2 0.31092995169082127 0.5711333333333334 0.1228099838969404 0.1671733333333333
2 0.33165056360708534 0.5544399999999999 0.10236714975845414 0.16749333333333333
2 0.35186392914653786 0.5429333333333333 0.08330917874396138 0.12981333333333334
2 0.6320370370370371 0.53896 0.08958132045088565 0.09706666666666668
2 0.3807487922705314 0.5044133333333333 0.07402576489533011 0.12871999999999995
2 0.5281884057971015 0.4883866666666666 0.0285829307568438 0.09975999999999999
2 0.4058937198067633 0.5157066666666666 0.05943639291465378 0.06640000000000001
2 0.4209742351046698 0.5038 0.053268921095008026 0.07346666666666662
2 0.5167270531400966 0.48371999999999993 0.02029790660225446 0.0797066666666667
