2 0.6270692431561996 0.5665066666666666 0.08207729468599029 0.18144000000000005
2 0.5675402576489533 0.48949333333333334 0.05165056360708542 0.05808
0 0.414975845410628 0.50684 0.010193236714975866 0.10125333333333332
1 0.6793236714975845 0.5192933333333334 0.04492753623188402 0.11762666666666663
2 0.7042109500805153 0.4774933333333333 0.05322061191626402 0.06496000000000003
2 0.8293599033816426 0.47844000000000003 0.07018518518518524 0.06258666666666667
2 0.9639774557165861 0.46052 0.07043478260869566 0.08194666666666664
2 0.31665458937198065 0.5096133333333334 0.04768921095008048 0.06162666666666663
2 0.48985104669887275 0.48713333333333336 0.01665861513687605 0.037786666666666635
2 0.4631843800322061 0.48737333333333327 0.019363929146537805 0.038586666666666665
