2 0.7428059581320451 0.7368133333333333 0.26045893719806756 0.48930666666666667
2 0.5905797101449275 0.5581200000000001 0.07671497584541061 0.21192
2 0.2523590982286634 0.5670933333333333 0.18272141706924314 0.2123733333333333
2 0.29030595813204507 0.5443466666666666 0.1406763285024155 0.1836266666666667
2 0.2951368760064412 0.52408 0.11227053140096618 0.19626666666666673
2 0.35493961352657005 0.5192 0.08899355877616749 0.1135466666666667
2 0.37299114331723027 0.5172533333333333 0.08271336553945251 0.11141333333333334
2 0.37169484702093397 0.5072933333333334 0.06706119162640903 0.11063999999999995
2 0.40476650563607086 0.47158666666666665 0.05684380032206116 0.08813333333333336
1 0.4679146537842191 0.47417333333333334 0.005104669887278608 0.04450666666666666
2 0.5435265700483092 0.5109466666666667 0.03677938808373587 0.09416000000000001
2 0.5124637681159421 0.47397333333333336 0.017310789049919485 0.04432000000000001
