2 0.3159420289855072 0.6916666666666667 0.1788888888888889 0.39901333333333333
2 0.7490579710144927 0.7185199999999999 0.2945571658615137 0.5576266666666667
2 0.38946457326892114 0.60712 0.10871980676328505 0.23125333333333326
2 0.5581119162640902 0.5373466666666666 0.043582930756843795 0.11159999999999998
2 0.6323148148148149 0.61784 0.11822061191626412 0.2693866666666666
0 0.3467874396135266 0.56904 0.01592592592592595 0.21450666666666673
0 0.35805152979066024 0.54912 0.008599033816425126 0.17727999999999997
2 0.4646497584541063 0.514 0.025998389694041838 0.07850666666666666
2 0.5398993558776168 0.51708 0.029444444444444485 0.08055999999999994
0 0.35992753623188406 0.5627733333333333 0.011449275362318817 0.18064000000000002
