2 0.8906803542673107 0.7636133333333334 0.21702898550724634 0.46743999999999997
2 0.09131642512077295 0.7933066666666667 0.1826328502415459 0.4080533333333333
2 0.6578582930756843 0.65104 0.18439613526570056 0.42890666666666666
2 0.1916143317230274 0.6961066666666665 0.19280998389694043 0.34319999999999995
2 0.522475845410628 0.5653866666666667 0.06150563607085345 0.14816000000000001
2 0.34647342995169084 0.5636666666666666 0.04961352657004831 0.11064000000000002
2 0.48705314009661843 0.5379866666666666 0.03405797101449281 0.09618666666666664
2 0.3788647342995169 0.52348 0.02735909822866346 0.06621333333333336
2 0.468647342995169 0.51564 0.02455716586151369 0.06850666666666666
1 0.09473832528180355 0.7459866666666667 0.1894766505636071 0.5026933333333333
