0 0.2894202898550725 0.5661466666666667 0.021207729468599015 0.23256000000000002
1 0.9559742351046701 0.6092133333333333 0.0864412238325281 0.35234666666666664
2 0.0502938808373591 0.67096 0.1005877616747182 0.35642666666666667
2 0.42380434782608695 0.5334933333333334 0.10933172302737518 0.12480000000000002
2 0.6522463768115941 0.48982666666666663 0.08077294685990342 0.11506666666666661
3 0.9479951690821254 0.43665333333333334 0.1023993558776168 0.20039999999999997
2 0.5778623188405797 0.4918 0.02060386473429954 0.05501333333333332
2 0.35166264090177135 0.5186 0.03467793880837359 0.08429333333333337
2 0.4646175523349436 0.49790666666666666 0.022149758454106272 0.049999999999999996
2 0.43087761674718206 0.49844000000000005 0.026103059581320417 0.05106666666666668
