0 0.5549877450980393 0.4707972972972973 0.01688725490196075 0.15418918918918922
0 0.2451388888888889 0.5375540540540541 0.03022875816993464 0.3292162162162162
0 0.6047385620915033 0.593945945945946 0.04738562091503268 0.4348648648648648
0 0.6002287581699347 0.5516486486486487 0.04465686274509802 0.3742702702702703
0 0.5495179738562092 0.5957432432432432 0.04493464052287582 0.4252162162162162
0 0.5392524509803922 0.6070405405405406 0.04683823529411768 0.44181081081081075
0 0.4530106209150327 0.4892432432432432 0.026691176470588295 0.21118918918918925
0 0.4758251633986929 0.48189189189189197 0.024232026143790823 0.2217837837837838
0 0.44564542483660136 0.4815270270270271 0.022875816993464054 0.1945135135135135
0 0.41691993464052285 0.49262162162162165 0.01879084967320257 0.20491891891891892
0 0.35190359477124183 0.48425675675675683 0.022058823529411766 0.205
0 0.37688316993464055 0.48624324324324325 0.01688725490196075 0.17967567567567574
0 0.3962540849673203 0.47533783783783784 0.019877450980392144 0.20159459459459453
2 0.10936274509803923 0.49864864864864866 0.21872549019607845 0.9972972972972973
