2 0.49592190016103055 0.5275466666666666 0.034259259259259316 0.1073066666666666
2 0.03144927536231884 0.6415466666666667 0.06289855072463768 0.23882666666666666
2 0.11966988727858292 0.59616 0.15531400966183576 0.20975999999999997
2 0.6970813204508858 0.5887199999999999 0.14483896940418678 0.26570666666666665
2 0.6635104669887278 0.56304 0.12998389694041862 0.20058666666666666
2 0.613707729468599 0.5534266666666666 0.10595008051529793 0.15480000000000002
2 0.5933373590982286 0.5298 0.09029790660225441 0.14456000000000002
2 0.5873429951690822 0.52512 0.08312399355877617 0.11536000000000005
2 0.5740700483091787 0.51752 0.07419484702093405 0.11002666666666663
2 0.43693639291465375 0.5005733333333333 0.015901771336553946 0.039653333333333346
2 0.538071658615137 0.4931733333333333 0.04116747181964573 0.05103999999999996
2 0.5294122383252817 0.48516 0.03645732689210948 0.05389333333333328
2 0.4086070853462158 0.49651999999999996 0.018631239935587705 0.044186666666666645
