2 0.43737711522965345 0.5106382978723404 0.018122481869460118 0.04765957446808515
2 0.5072683319903304 0.5781117021276596 0.07751813053988722 0.1998936170212766
2 0.12529814665592265 0.6910771276595745 0.20498791297340851 0.33614361702127665
2 0.0796897663174859 0.5771010638297872 0.1593795326349718 0.27095744680851064
2 0.25134568896051573 0.5993882978723404 0.09779210314262692 0.18845744680851068
2 0.40977437550362605 0.5440691489361702 0.040064464141821084 0.12372340425531918
2 0.2961522965350524 0.5527393617021276 0.06110394842868653 0.12287234042553195
2 0.21935132957292502 0.5519813829787235 0.07222401289282833 0.12066489361702121
2 0.3360112812248187 0.5279654255319148 0.034472199838839625 0.0799202127659574
2 0.255757453666398 0.5142553191489362 0.05369057211925866 0.11797872340425528
2 0.3476269137792103 0.5187234042553192 0.026486704270749353 0.06398936170212767
2 0.3660636583400483 0.4928989361702127 0.02142626913779208 0.08468085106382979
