2 0.49567632850241544 0.5248933333333333 0.03586151368760061 0.11234666666666665
2 0.9067753623188405 0.7083733333333333 0.18483896940418684 0.57792
2 0.7772181964573268 0.6887199999999999 0.2295410628019323 0.44170666666666664
2 0.6995169082125603 0.5959866666666667 0.17233494363929153 0.31117333333333325
2 0.66164653784219 0.5731466666666667 0.12321256038647341 0.20741333333333334
2 0.6302133655394525 0.5466533333333333 0.11578904991948466 0.1576266666666667
2 0.4238888888888889 0.49948 0.019838969404186786 0.04365333333333334
2 0.36438003220611914 0.5394666666666666 0.04516908212560388 0.09695999999999996
2 0.5795169082125604 0.5132 0.07698872785829308 0.10256000000000001
2 0.5569444444444445 0.5029466666666667 0.06081320450885666 0.07783999999999999
2 0.5392954911433173 0.4854266666666666 0.04842995169082124 0.07378666666666671
2 0.3779669887278583 0.4997466666666667 0.026948470209339798 0.05912000000000004
2 0.355780998389694 0.49590666666666666 0.017455716586151374 0.04466666666666667
