2 0.8754549114331723 0.7874666666666666 0.24747987117552336 0.41973333333333335
2 0.36643719806763286 0.5704533333333333 0.06429146537842192 0.164
2 0.11026167471819645 0.7725866666666668 0.2205233494363929 0.4494933333333333
2 0.7364694041867954 0.7541733333333333 0.2277375201288244 0.48632
2 0.6017471819645732 0.59748 0.09355877616747185 0.22296000000000002
2 0.5588808373590982 0.5659866666666666 0.06708534621578095 0.16605333333333328
2 0.5356682769726248 0.5484266666666666 0.05025764895330109 0.11882666666666666
2 0.3899235104669887 0.5517599999999999 0.049444444444444464 0.11765333333333335
2 0.4083011272141707 0.5298133333333334 0.03222222222222221 0.08016000000000001
2 0.6386151368760065 0.4938533333333333 0.056586151368760045 0.09234666666666665
