2 0.47192586623690574 0.5313962765957447 0.03782433521353742 0.11380319148936167
2 0.03526591458501208 0.6744547872340426 0.07053182917002417 0.39433510638297875
2 0.2982836422240128 0.6609574468085105 0.1693634165995165 0.36861702127659574
2 0.2107292506043513 0.5910771276595744 0.11438356164383563 0.18742021276595752
2 0.06991941982272361 0.5888164893617022 0.13983883964544722 0.19093085106382984
2 0.3921273166800967 0.5484973404255319 0.054311039484286894 0.12678191489361698
2 0.3547864625302175 0.5283377659574467 0.0402739726027397 0.08178191489361702
2 0.42505237711522964 0.5258909574468086 0.03307010475423043 0.07763297872340433
2 0.44090652699435934 0.4811037234042553 0.019798549556809066 0.07954787234042553
2 0.19427880741337633 0.5537632978723405 0.08362610797743755 0.1293351063829787
