2 0.48211352657004836 0.5034666666666667 0.027673107890499198 0.08720000000000004
2 0.48933574879227054 0.4907066666666666 0.023196457326892066 0.08013333333333328
0 0.9580032206119163 0.6896 0.08238325281803538 0.6154666666666667
2 0.7125885668276973 0.7032933333333333 0.2194927536231884 0.45981333333333324
2 0.6053341384863125 0.5938933333333334 0.08712560386473424 0.2507200000000001
2 0.5409742351046699 0.5015733333333333 0.0365700483091788 0.11354666666666662
2 0.07746779388083737 0.7190799999999999 0.15493558776167474 0.3438666666666666
2 0.18578502415458936 0.61112 0.1394122383252818 0.22464
2 0.2881763285024154 0.5559999999999999 0.07612721417069244 0.13957333333333327
2 0.5193156199677939 0.4816133333333334 0.017987117552334876 0.05656000000000002
