2 0.11255636070853461 0.6995333333333332 0.22511272141706923 0.4756533333333333
2 0.1509259259259259 0.4774133333333333 0.3018518518518518 0.6500800000000001
2 0.8198510466988728 0.7582133333333333 0.35868760064412236 0.47824
2 0.8621940418679549 0.6523733333333334 0.23912238325281795 0.29312000000000005
2 0.7414412238325282 0.5969866666666667 0.2047020933977456 0.20970666666666662
2 0.2718558776167472 0.5568533333333333 0.16289049919484702 0.18826666666666664
2 0.5242592592592592 0.51076 0.022657004830917954 0.055120000000000044
2 0.4078703703703704 0.5032933333333334 0.06140901771336557 0.07479999999999995
2 0.5939331723027375 0.52188 0.0711191626409018 0.08850666666666666
2 0.35756843800322063 0.5388799999999999 0.10193236714975842 0.12495999999999996
2 0.31528180354267316 0.5458266666666667 0.1358454106280193 0.16135999999999998
2 0.6477616747181965 0.5456133333333333 0.09367149758454109 0.12834666666666664
2 0.666598228663446 0.5547733333333333 0.10419484702093396 0.12885333333333332
