0 0.22907679738562092 0.5415135135135136 0.02640522875816993 0.24610810810810804
2 0.4672140522875817 0.4874189189189189 0.022549019607843064 0.06483783783783786
0 0.2729901960784314 0.5055810810810811 0.019379084967320284 0.14872972972972975
0 0.11832924836601308 0.5199594594594594 0.02968137254901961 0.23056756756756758
0 0.1751184640522876 0.4836081081081081 0.021593137254901966 0.13954054054054055
2 0.5648080065359478 0.5446621621621622 0.12007352941176463 0.14240540540540542
2 0.8289419934640523 0.5540270270270271 0.08840686274509807 0.13021621621621624
2 0.8940032679738562 0.5574324324324325 0.09875816993464062 0.12464864864864866
2 0.9478022875816995 0.5591621621621622 0.10276143790849672 0.12627027027027027
0 0.11063316993464052 0.5231891891891892 0.024648692810457517 0.21329729729729727
0 0.18725490196078431 0.4798918918918919 0.028529411764705873 0.1543783783783784
0 0.1776143790849673 0.48587837837837833 0.0175326797385621 0.13570270270270274
0 0.2040236928104575 0.5085 0.016397058823529407 0.1635945945945946
0 0.1784313725490196 0.4978783783783784 0.018856209150326785 0.17013513513513512
1 0.4325204248366013 0.4703648648648649 0.006266339869281013 0.057054054054054094
0 0.16925653594771245 0.5022297297297297 0.012156862745098059 0.14440540540540536
0 0.14957107843137254 0.499445945945946 0.019419934640522885 0.16056756756756757
2 0.5061192810457517 0.5021486486486487 0.029460784313725445 0.07624324324324327
0 0.18709150326797386 0.47352702702702704 0.012222222222222206 0.1185675675675675
