2 0.2473953301127214 0.67956 0.21971819645732688 0.45181333333333334
2 0.8815499194847021 0.7339866666666667 0.23528985507246378 0.5266933333333333
2 0.7475563607085346 0.7222000000000001 0.2049677938808374 0.46413333333333334
2 0.5049235104669887 0.5509866666666666 0.08677133655394524 0.17018666666666665
2 0.6804066022544284 0.5934266666666667 0.08071658615136876 0.23922666666666662
2 0.8789613526570049 0.45671999999999996 0.10325281803542674 0.17690666666666666
2 0.8031360708534622 0.46845333333333333 0.08825281803542664 0.15504000000000004
2 0.5497946859903382 0.4990133333333333 0.04316425120772948 0.09167999999999998
2 0.5789009661835749 0.4797866666666667 0.031328502415459 0.07178666666666664
3 0.6511473429951691 0.43065333333333333 0.03720611916264093 0.11208
