2 0.11058776167471819 0.6659866666666666 0.22117552334943638 0.5646133333333334
2 0.8157689210950081 0.7627866666666667 0.33814009661835753 0.4690933333333333
2 0.11665458937198067 0.6174666666666667 0.23330917874396134 0.40592000000000006
2 0.19001610305958133 0.6110800000000001 0.2076489533011272 0.2780533333333334
2 0.22595410628019322 0.5838666666666666 0.2021658615136876 0.24570666666666663
2 0.3213526570048309 0.5333733333333333 0.11966183574879227 0.14359999999999998
2 0.3554186795491143 0.5199866666666667 0.0915136876006441 0.14135999999999996
2 0.5630314009661836 0.5413333333333333 0.05185990338164249 0.12912000000000004
2 0.650012077294686 0.64524 0.1344363929146537 0.3097866666666667
2 0.5390861513687601 0.5109466666666667 0.034355877616747146 0.09879999999999996
2 0.3840257648953301 0.5105733333333333 0.07660225442834137 0.09298666666666668
