0 0.33375201938610666 0.6950802139037434 0.05089660743134087 0.3928342245989305
0 0.7432956381260097 0.587687165775401 0.03630048465266555 0.2772459893048128
0 0.2858885298869144 0.6413636363636364 0.029725363489499203 0.33877005347593586
0 0.3952221324717286 0.5956951871657753 0.03446688206785139 0.26016042780748666
0 0.6435783521809371 0.5537566844919787 0.028772213247172773 0.22965240641711232
0 0.48378836833602595 0.5466577540106952 0.021308562197092082 0.17941176470588233
0 0.4520234248788369 0.5407352941176471 0.014079159935379696 0.14917112299465238
0 0.4613812600969306 0.5252139037433154 0.01279483037156707 0.137379679144385
0 0.5682956381260097 0.5268850267379679 0.013069466882067811 0.148903743315508
2 0.9006865912762522 0.49866310160427807 0.0026171243941841755 0.9973262032085561
