2 0.7617834138486312 0.74352 0.23627214170692426 0.4832533333333333
2 0.4040458937198068 0.5887199999999999 0.07667471819645738 0.23770666666666662
0 0.67329307568438 0.695 0.056038647342995185 0.3851466666666666
2 0.16378019323671497 0.7754266666666666 0.32756038647342994 0.44381333333333334
2 0.6008011272141707 0.59292 0.06508051529790664 0.14866666666666667
2 0.6475402576489533 0.6300666666666667 0.09696457326892115 0.22744000000000006
2 0.46138888888888896 0.5368266666666667 0.026095008051529766 0.08128000000000005
2 0.4278864734299516 0.5785466666666667 0.05245571658615135 0.14237333333333338
2 0.5872463768115942 0.5694933333333333 0.0459420289855072 0.12282666666666667
2 0.5701006441223833 0.5521866666666666 0.036336553945249594 0.09413333333333336
2 0.5596215780998389 0.5427866666666666 0.031239935587761728 0.08247999999999994
