2 0.45534219001610304 0.5513866666666666 0.07026570048309178 0.2554666666666666
2 0.914424315619968 0.4774933333333333 0.16954106280193232 0.4725866666666667
2 0.21304347826086958 0.6002533333333332 0.12600644122383256 0.2002933333333333
2 0.10782608695652175 0.57492 0.15933977455716586 0.26376000000000005
2 0.3771779388083736 0.5264533333333333 0.05435587761674717 0.1269866666666666
2 0.6703260869565218 0.5514133333333333 0.10643317230273747 0.18218666666666664
2 0.504452495974235 0.48684 0.03214170692431559 0.10034666666666665
2 0.5429227053140097 0.45636 0.03665056360708542 0.12418666666666664
2 0.7380515297906602 0.5340133333333333 0.11357487922705319 0.19064000000000003
2 0.8300201288244766 0.5432266666666666 0.14190821256038647 0.16506666666666667
3 0.4986795491143317 0.4391733333333333 0.036199677938808406 0.1768533333333333
2 0.011368760064412238 0.5975199999999999 0.022737520128824476 0.15866666666666665
