2 0.5518236714975846 0.5619200000000001 0.07781803542673116 0.2810666666666667
2 0.30148148148148146 0.6073733333333333 0.12457326892109503 0.20573333333333327
2 0.20324879227053141 0.5788933333333333 0.14938003220611917 0.2609866666666666
2 0.46539855072463765 0.5294533333333333 0.0548067632850241 0.1320266666666667
2 0.8009943639291466 0.5731733333333333 0.13641706924315616 0.21258666666666665
2 0.5982286634460547 0.49067999999999995 0.03542673107890499 0.10610666666666664
2 0.639867149758454 0.4566266666666667 0.04234299516908215 0.1322933333333333
2 0.885390499194847 0.54728 0.15404991948470204 0.22768
2 0.9534138486312398 0.5659466666666666 0.0915619967793881 0.19168
3 0.5918236714975846 0.43429333333333336 0.040942028985507264 0.18656
2 0.06538244766505635 0.6116133333333333 0.1307648953301127 0.19634666666666672
