2 0.1335426731078905 0.7324666666666667 0.21761674718196455 0.3808266666666666
2 0.35591787439613526 0.6223733333333332 0.09568438003220614 0.2286933333333333
2 0.24758454106280192 0.6435733333333333 0.12616747181964574 0.24352
1 0.6764090177133656 0.6033333333333333 0.09342995169082123 0.26224
2 0.9447826086956522 0.5335733333333333 0.10882447665056368 0.26997333333333334
1 0.7069001610305958 0.6227333333333332 0.10198067632850238 0.3055733333333333
2 0.4219847020933978 0.5419333333333334 0.038413848631239964 0.10973333333333335
2 0.4538727858293076 0.5064266666666667 0.013816425120772921 0.04234666666666665
2 0.5472665056360708 0.5243466666666666 0.07380837359098226 0.09626666666666665
2 0.5188083735909823 0.5108666666666666 0.05106280193236721 0.07063999999999995
2 0.39865539452495974 0.5505733333333334 0.06273752012882448 0.1862133333333333
