2 0.2979307568438003 0.6228 0.12004830917874393 0.23605333333333336
2 0.8920692431561997 0.7449600000000001 0.21425120772946862 0.5047466666666667
2 0.7490942028985508 0.6856933333333333 0.19754428341384855 0.38552000000000003
2 0.35857487922705317 0.5721333333333334 0.07790660225442833 0.15637333333333336
2 0.6484782608695653 0.5930266666666666 0.09929146537842194 0.22114666666666674
2 0.38896537842190015 0.55188 0.06081320450885671 0.11816
2 0.606622383252818 0.5585866666666667 0.07173107890499197 0.16170666666666664
2 0.43933172302737517 0.5136266666666667 0.029001610305958117 0.07130666666666662
2 0.5856723027375201 0.5401866666666666 0.049412238325281806 0.12511999999999995
2 0.575901771336554 0.52448 0.03793880837359099 0.10159999999999998
