0 0.608331987075929 0.6257754010695188 0.042269789983844855 0.35326203208556156
0 0.34389741518578354 0.5887032085561497 0.03042810985460417 0.28029411764705875
0 0.28672859450726984 0.5871925133689839 0.025848142164781908 0.26791443850267377
0 0.7277302100161551 0.5766577540106952 0.030694668820678516 0.2781283422459893
0 0.6949192245557351 0.569331550802139 0.035541195476575124 0.27427807486631023
0 0.5382633279483038 0.5435294117647058 0.024232633279483037 0.19272727272727266
0 0.6069870759289177 0.625 0.030694668820678516 0.3147058823529412
0 0.5931583198707593 0.6004144385026737 0.040032310177706025 0.2762299465240641
0 0.5754684975767368 0.5895989304812833 0.022342487883683336 0.2479679144385027
0 0.6423828756058159 0.5582754010695187 0.026655896607431343 0.2447326203208556
0 0.6464781906300485 0.5344652406417112 0.024232633279483037 0.2023529411764705
2 0.4651211631663974 0.5157486631016042 0.037738287560581514 0.09614973262032087
