0 0.037095588235294116 0.5906081081081082 0.07419117647058823 0.36835135135135144
0 0.021642156862745097 0.5745270270270271 0.043284313725490194 0.3605135135135135
1 0.6690849673202615 0.5571351351351351 0.04204248366013075 0.303027027027027
0 0.5079411764705882 0.5617297297297298 0.027287581699346388 0.22097297297297297
1 0.3897467320261438 0.5072837837837838 0.024705882352941185 0.14294594594594592
0 0.6544321895424836 0.49917567567567567 0.018031045751633935 0.17045945945945945
0 0.5516013071895426 0.4758783783783784 0.01173202614379086 0.10354054054054056
0 0.524187091503268 0.48727027027027037 0.008799019607843123 0.10308108108108113
0 0.5378063725490198 0.48301351351351357 0.009485294117647071 0.10321621621621621
0 0.5822549019607843 0.4686891891891893 0.010735294117647048 0.1022972972972973
0 0.5935294117647059 0.46604054054054056 0.009967320261437946 0.11045945945945948
