2 0.36286231884057973 0.5147866666666667 0.030619967793880817 0.10743999999999998
1 0.46303542673107884 0.5991333333333333 0.0495813204508857 0.2667999999999999
2 0.6346054750402577 0.6424933333333334 0.11985507246376813 0.31170666666666663
2 0.5386231884057971 0.6029866666666667 0.10499194847020932 0.21333333333333332
2 0.21766908212560387 0.6110133333333333 0.09706119162640903 0.2051733333333334
2 0.2505475040257649 0.5852666666666667 0.06590982286634461 0.17624
2 0.4689492753623188 0.55828 0.06404991948470215 0.1521333333333333
2 0.4434500805152979 0.5471466666666667 0.05569243156199684 0.11834666666666666
2 0.2659863123993559 0.5652933333333333 0.04116747181964573 0.11613333333333328
2 0.42110708534621577 0.5402666666666667 0.03662640901771337 0.0886933333333333
