2 0.8790619967793881 0.7831999999999999 0.24026570048309176 0.42826666666666663
2 0.0658695652173913 0.6788799999999999 0.1317391304347826 0.6010666666666666
2 0.11604669887278582 0.6705866666666667 0.23209339774557164 0.3808
2 0.15616747181964571 0.6077333333333332 0.26389694041867956 0.3146133333333333
2 0.2932890499194847 0.54624 0.14026570048309178 0.16693333333333332
2 0.33819243156199674 0.5206933333333333 0.10390499194847022 0.15946666666666662
2 0.5734943639291465 0.56088 0.061336553945249554 0.15050666666666665
2 0.7156642512077295 0.7236533333333334 0.21005636070853462 0.4517866666666666
2 0.5425764895330113 0.5205333333333333 0.03808373590982283 0.10874666666666667
2 0.37381642512077295 0.5204533333333333 0.08439613526570053 0.10208
