2 0.1602818035426731 0.7446 0.3205636070853462 0.5054666666666667
2 0.868707729468599 0.7253733333333333 0.2609742351046699 0.54392
2 0.30721417069243157 0.68704 0.19478260869565214 0.39056
2 0.5592592592592592 0.54372 0.05745571658615138 0.13842666666666664
2 0.7320048309178745 0.7412266666666666 0.2672946859903383 0.5122133333333333
2 0.3554871175523349 0.59692 0.10640096618357486 0.2250933333333334
0 0.28227455716586153 0.5873466666666667 0.026642512077294667 0.28856000000000004
0 0.30598228663446053 0.5594266666666667 0.014315619967793904 0.22776
2 0.44686795491143316 0.5141333333333333 0.02972624798711761 0.09002666666666671
2 0.5344847020933977 0.5189066666666666 0.03518518518518513 0.09285333333333332
0 0.3127214170692431 0.5704933333333333 0.01830917874396136 0.2343733333333333
2 0.5187761674718195 0.49782666666666664 0.021062801932367124 0.0706933333333333
