2 0.08341384863123993 0.6955333333333332 0.16682769726247987 0.5874933333333334
2 0.8513607085346214 0.7684799999999999 0.2956682769726248 0.4577066666666666
2 0.6042793880837359 0.5954666666666667 0.0960305958132045 0.2549866666666667
2 0.12078099838969403 0.6770266666666667 0.24156199677938806 0.3407733333333332
2 0.19893317230273752 0.6339333333333333 0.1937600644122383 0.2606133333333332
2 0.2280233494363929 0.6006533333333334 0.2000563607085346 0.22935999999999998
2 0.5699154589371981 0.5595600000000001 0.06342190016103058 0.14349333333333333
2 0.5427818035426731 0.5295466666666667 0.03801127214170695 0.11333333333333333
2 0.36947262479871174 0.51144 0.06471014492753624 0.11792
2 0.39753623188405796 0.5242266666666666 0.05737520128824476 0.07480000000000003
2 0.5244122383252817 0.5103066666666667 0.02347826086956519 0.0646133333333333
