2 0.8409178743961353 0.7364266666666666 0.3165539452495974 0.5218133333333334
2 0.09595813204508857 0.6634666666666666 0.19191626409017715 0.41578666666666664
2 0.03742753623188406 0.7317199999999999 0.07485507246376812 0.5277066666666667
2 0.19165056360708532 0.6272399999999999 0.23681159420289855 0.2892533333333333
2 0.21223832528180356 0.5948 0.16951690821256038 0.22234666666666664
2 0.2958252818035427 0.54632 0.10538647342995168 0.15456
2 0.31818438003220606 0.54536 0.10039452495974235 0.12864000000000003
2 0.3427415458937198 0.5169066666666666 0.10899355877616748 0.15717333333333333
2 0.615209339774557 0.5198133333333333 0.06993558776167473 0.09967999999999999
2 0.5186272141706925 0.5076 0.029653784219001552 0.06826666666666666
