2 0.10041867954911433 0.7023066666666666 0.20083735909822867 0.5900533333333333
2 0.8636916264090176 0.65 0.24306763285024163 0.31184000000000006
2 0.5621900161030596 0.5623466666666667 0.05777777777777777 0.1306133333333334
2 0.15665056360708535 0.6453599999999999 0.2113043478260869 0.2709333333333333
2 0.2064291465378422 0.6157466666666666 0.18134460547504025 0.22199999999999992
2 0.29221417069243155 0.5868533333333333 0.13972624798711752 0.1584533333333333
2 0.3227697262479871 0.5711866666666666 0.10436392914653785 0.12573333333333334
2 0.5312640901771336 0.5351733333333333 0.03977455716586149 0.09087999999999996
2 0.39115942028985506 0.5364266666666667 0.0705797101449275 0.08208
2 0.39143317230273755 0.5172 0.048760064412238374 0.08191999999999999
