2 0.9067954911433173 0.74992 0.1847987117552335 0.49482666666666664
2 0.15243961352657007 0.7661333333333333 0.30487922705314013 0.4624
2 0.27771336553945253 0.7149733333333333 0.17199677938808375 0.3015199999999999
2 0.6575322061191626 0.6533466666666666 0.16000805152979067 0.3283999999999999
2 0.3923309178743961 0.5469466666666667 0.055402576489532965 0.13106666666666666
2 0.5594283413848631 0.5418666666666666 0.050676328502415414 0.13072000000000003
2 0.4048913043478261 0.5127466666666667 0.04651368760064411 0.14896000000000004
2 0.5438607085346215 0.5311866666666666 0.04458132045088567 0.10781333333333334
2 0.3080434782608696 0.48255999999999993 0.11661835748792268 0.1429333333333333
2 0.49004428341384865 0.48031999999999997 0.0193478260869565 0.06725333333333333
2 0.6194001610305959 0.4657733333333334 0.07701288244766503 0.09938666666666669
