2 0.5228019323671497 0.49655999999999995 0.0235104669887278 0.06874666666666666
2 0.45727455716586146 0.5058266666666666 0.023035426731078917 0.06114666666666668
2 0.36179549114331727 0.5289333333333333 0.09827697262479872 0.11951999999999997
2 0.32152173913043475 0.53536 0.12360708534621577 0.17722666666666667
2 0.544243156199678 0.5288666666666666 0.03774557165861513 0.08952000000000006
2 0.5651570048309178 0.5621066666666666 0.06195652173913038 0.13984
2 0.23410225442834137 0.6007733333333334 0.20000805152979062 0.23034666666666673
2 0.08883252818035427 0.7122666666666667 0.17766505636070853 0.3648533333333333
2 0.06071256038647343 0.7647866666666667 0.12142512077294686 0.4650933333333333
2 0.9087037037037038 0.7474133333333333 0.18098228663446053 0.49983999999999995
