0 0.09305735056542812 0.8433957219251337 0.18611470113085624 0.30786096256684486
0 0.3556260096930533 0.6922727272727272 0.052851373182552515 0.5670588235294117
0 0.3014095315024233 0.7154010695187165 0.07493537964458803 0.5638502673796791
0 0.5287479806138934 0.5347727272727272 0.027108239095315075 0.2306684491978609
0 0.40083198707592893 0.5095187165775401 0.017770597738287562 0.1477005347593583
0 0.39346122778675285 0.5093181818181818 0.014628432956381271 0.1414705882352941
0 0.5200525040387722 0.5011497326203208 0.015743134087237487 0.15807486631016043
0 0.5673344103392569 0.5354144385026738 0.02017770597738289 0.22264705882352934
0 0.5991922455573505 0.5030614973262032 0.020533117932148594 0.18499999999999997
0 0.6160743134087239 0.48355614973262034 0.016268174474959603 0.16219251336898394
2 0.4688610662358644 0.4836363636363636 0.02943457189014535 0.07550802139037435
0 0.29085621970920844 0.5611363636363637 0.0475928917609047 0.2352139037433155
0 0.5870961227786754 0.5276737967914438 0.017423263327948347 0.18754010695187162
