2 0.18714975845410628 0.7416533333333333 0.3571980676328502 0.5113599999999999
2 0.8419565217391305 0.7517066666666666 0.31447665056360713 0.4912533333333333
2 0.6543075684380032 0.71128 0.16732689210950075 0.4104533333333333
2 0.342914653784219 0.65416 0.11640901771336552 0.3246933333333333
2 0.3840660225442834 0.59428 0.08001610305958136 0.1967733333333333
2 0.586280193236715 0.5846533333333334 0.0850402576489533 0.2110133333333333
2 0.5522504025764895 0.5586933333333333 0.05849436392914652 0.15162666666666663
2 0.4326851851851852 0.5269066666666666 0.037592592592592636 0.10197333333333336
2 0.44938003220611916 0.5073733333333332 0.03217391304347829 0.10573333333333335
2 0.4644001610305958 0.5077866666666666 0.02900966183574877 0.08666666666666667
