2 0.5065539452495975 0.57492 0.06634460547504024 0.20760000000000006
2 0.762975040257649 0.60476 0.21559581320450885 0.5081333333333333
2 0.6422061191626409 0.5551333333333334 0.1281320450885669 0.19527999999999995
2 0.5749677938808374 0.5030133333333333 0.06542673107890498 0.09178666666666671
2 0.5521739130434782 0.49665333333333334 0.043446054750402516 0.06722666666666668
2 0.5446256038647342 0.4926266666666667 0.04128019323671496 0.053946666666666636
2 0.08387278582930757 0.59388 0.16774557165861514 0.24402666666666664
2 0.08527777777777779 0.584 0.17055555555555557 0.7763733333333332
2 0.20116747181964575 0.567 0.09964573268921097 0.16157333333333326
2 0.2773752012882448 0.5486533333333333 0.06317230273752016 0.10024000000000001
2 0.3622906602254428 0.513 0.03834943639291465 0.06605333333333328
2 0.37822463768115944 0.5014666666666667 0.028542673107890534 0.07109333333333333
2 0.40473429951690826 0.49413333333333337 0.026586151368760094 0.05093333333333332
2 0.43663848631239943 0.49022666666666664 0.025660225442834143 0.038320000000000014
2 0.9533574879227055 0.5447066666666666 0.09167471819645724 0.11010666666666664
2 0.1292632850241546 0.5464666666666667 0.07659420289855073 0.12711999999999996
