2 0.8011876006441224 0.7475866666666667 0.2813446054750402 0.49949333333333334
2 0.405402576489533 0.5144666666666666 0.07367149758454106 0.09245333333333329
0 0.36624798711755235 0.5263866666666666 0.015571658615136902 0.14674666666666666
1 0.7618115942028986 0.54308 0.07636070853462161 0.1872266666666666
2 0.5961876006441225 0.48849333333333333 0.06520933977455717 0.08050666666666666
2 0.7577214170692431 0.4833866666666666 0.07822866344605472 0.0738666666666667
2 0.9599798711755234 0.46608 0.07842995169082133 0.0990933333333334
2 0.3958454106280193 0.5109733333333334 0.055893719806763296 0.07634666666666665
2 0.2076529790660225 0.5253866666666666 0.06144122383252818 0.07893333333333331
2 0.4731119162640902 0.48553333333333326 0.01942834138486312 0.0435466666666667
2 0.44307568438003214 0.49158666666666667 0.02264090177133656 0.04450666666666666
