2 0.49711352657004826 0.52476 0.04000805152979061 0.12530666666666668
2 0.28972624798711755 0.57524 0.08262479871175524 0.14914666666666668
2 0.711304347826087 0.5935333333333332 0.17502415458937198 0.28898666666666667
2 0.621598228663446 0.5429066666666666 0.11511272141706927 0.16250666666666666
2 0.6074275362318841 0.5305066666666667 0.09285829307568441 0.1371733333333333
2 0.5990458937198068 0.5102133333333333 0.0787037037037037 0.12746666666666662
2 0.5656884057971014 0.4889466666666667 0.07319645732689209 0.11720000000000004
2 0.5521417069243156 0.49756 0.05677938808373589 0.07485333333333331
2 0.32736312399355877 0.5093066666666667 0.04479066022544283 0.08762666666666663
2 0.4376409017713365 0.4646533333333333 0.0267471819645732 0.08061333333333338
2 0.3516425120772947 0.50508 0.03481481481481482 0.07266666666666667
2 0.4023752012882448 0.4899733333333333 0.021819645732689182 0.04250666666666666
2 0.3032246376811594 0.5019466666666667 0.0278502415458937 0.06282666666666667
2 0.10088164251207729 0.5127733333333334 0.033309178743961346 0.07189333333333335
