2 0.6249597423510468 0.61308 0.1176328502415459 0.3036533333333333
2 0.09072463768115943 0.7400399999999999 0.18144927536231886 0.43976000000000004
2 0.14101851851851852 0.6679733333333333 0.23999194847020933 0.3168533333333332
2 0.18656602254428342 0.62344 0.23756038647342995 0.26896000000000003
2 0.23870370370370367 0.6026133333333333 0.16967793880837356 0.20000000000000007
2 0.5798993558776167 0.56824 0.07195652173913043 0.16042666666666666
2 0.5472262479871175 0.5287733333333333 0.04121578099838974 0.12208
2 0.3620571658615137 0.5230266666666666 0.06925120772946859 0.12562666666666664
2 0.3934380032206119 0.52608 0.06072463768115943 0.07903999999999996
2 0.5270410628019324 0.512 0.024871175523349425 0.06794666666666671
