2 0.8532246376811594 0.7560666666666666 0.2919404186795491 0.4825333333333333
2 0.7604991948470209 0.6016933333333333 0.1436231884057971 0.4233866666666666
2 0.47147745571658617 0.49926666666666664 0.03970209339774562 0.14119999999999996
2 0.7556843800322062 0.45597333333333334 0.17892109500805156 0.2230933333333333
2 0.3311231884057971 0.5302133333333333 0.05474235104669888 0.1073066666666666
2 0.26694041867954915 0.512 0.0669404186795491 0.1472533333333334
2 0.41153381642512077 0.4926933333333333 0.03029790660225447 0.0817066666666667
2 0.5962640901771336 0.4998 0.055426731078905014 0.10317333333333333
2 0.5230032206119162 0.44650666666666666 0.02727858293075684 0.09648000000000001
2 0.6360869565217391 0.49956 0.05771336553945255 0.10951999999999998
2 0.9428824476650564 0.43346666666666667 0.11262479871175532 0.17189333333333334
3 0.4880233494363929 0.43134666666666666 0.027946859903381673 0.13464
2 0.1553180354267311 0.5408533333333333 0.08487117552334945 0.11189333333333334
2 0.06330515297906603 0.5613733333333333 0.07725442834138485 0.10349333333333326
