2 0.8398993558776168 0.7324533333333334 0.3185909822866345 0.52976
2 0.14164653784219003 0.7448 0.28329307568438006 0.5050666666666667
2 0.6780877616747182 0.6527066666666667 0.17105475040257642 0.33735999999999994
2 0.5922101449275362 0.47624 0.11073268921095006 0.35717333333333334
2 0.5548913043478261 0.5263733333333332 0.04701288244766504 0.1464
2 0.545817230273752 0.5218266666666667 0.04121578099838974 0.10738666666666662
2 0.520438808373591 0.5186666666666666 0.028059581320450812 0.07376000000000006
2 0.40981884057971013 0.5352933333333334 0.02744766505636069 0.06610666666666665
2 0.5018558776167472 0.5072133333333333 0.03216586151368755 0.07304000000000004
2 0.47678743961352654 0.51408 0.023735909822866358 0.05103999999999996
