1 0.6886928104575164 0.5996621621621622 0.05181372549019605 0.23089189189189185
1 0.5119934640522875 0.6064864864864865 0.04351307189542483 0.24832432432432425
0 0.5506290849673203 0.5504864864864866 0.011160130718954223 0.09816216216216216
0 0.15987745098039216 0.546445945945946 0.015245098039215683 0.14927027027027032
0 0.17697712418300654 0.5407162162162162 0.018790849673202614 0.12791891891891888
1 0.5067116013071896 0.5440270270270271 0.027949346405228788 0.10443243243243248
0 0.2960375816993464 0.5527567567567568 0.014705882352941176 0.13562162162162164
0 0.28774509803921566 0.5492972972972974 0.014705882352941176 0.11486486486486487
0 0.5085498366013071 0.5371891891891892 0.01007352941176474 0.11075675675675674
0 0.5253472222222223 0.5565540540540541 0.014436274509803889 0.1108918918918919
