2 0.925595813204509 0.8301466666666667 0.14719806763285018 0.3343733333333333
2 0.3885064412238325 0.6113466666666666 0.09111916264090178 0.24514666666666676
2 0.7460587761674718 0.7818533333333333 0.22847826086956521 0.43096
2 0.6198349436392915 0.6517066666666667 0.10211755233494367 0.28176000000000007
2 0.5710990338164251 0.5995733333333334 0.0689291465378422 0.1853866666666667
2 0.4155595813204509 0.5941866666666666 0.05638486312399354 0.16682666666666668
2 0.5519685990338165 0.5658133333333333 0.050008051529790674 0.13119999999999996
2 0.5344685990338164 0.5497733333333333 0.038872785829307636 0.1047733333333333
2 0.448317230273752 0.53592 0.027906602254428314 0.0796266666666667
2 0.46043075684380036 0.5210133333333333 0.025064412238325277 0.08399999999999999
2 0.4708615136876006 0.5208799999999999 0.023542673107890415 0.07141333333333333
