2 0.9516022544283412 0.53856 0.0951851851851852 0.44544000000000006
2 0.17195652173913042 0.7518266666666666 0.262012882447665 0.4910133333333333
2 0.31004428341384865 0.6219333333333333 0.13632045088566827 0.2674933333333333
2 0.8683333333333334 0.50808 0.10925925925925921 0.21312000000000003
2 0.7705998389694042 0.5191333333333333 0.09917069243156196 0.17154666666666668
2 0.7224355877616747 0.5147866666666666 0.08347020933977461 0.15133333333333332
2 0.7030273752012882 0.5130399999999999 0.08331723027375203 0.12965333333333326
2 0.6824315619967793 0.49961333333333335 0.08064412238325279 0.12157333333333334
2 0.5772987117552335 0.5523866666666666 0.06569243156199671 0.17378666666666662
2 0.5598872785829307 0.5401333333333334 0.045458937198067664 0.11173333333333335
2 0.4013204508856683 0.5353333333333333 0.05938808373590986 0.13744000000000006
2 0.4213727858293076 0.50552 0.04921900161030596 0.1387733333333333
2 0.6090257648953302 0.48534666666666665 0.06025764895330115 0.08808
3 0.5112439613526569 0.45158666666666675 0.04332528180354272 0.14658666666666667
