0 0.479329563812601 0.5562299465240641 0.01615508885298869 0.14406417112299463
0 0.49385702746365107 0.5489037433155081 0.01698707592891759 0.14877005347593586
0 0.2370799676898223 0.7101604278074867 0.06485460420032307 0.5014973262032085
0 0.2611712439418417 0.6064572192513369 0.030258481421647804 0.24462566844919786
2 0.129297253634895 0.6651737967914438 0.25859450726979 0.6643048128342245
0 0.2436550888529887 0.6119786096256684 0.04247980613893375 0.2688235294117646
0 0.653004846526656 0.6176203208556149 0.04411954765751212 0.35561497326203206
0 0.858251211631664 0.6561229946524063 0.07487075928917605 0.4659893048128341
0 0.28098546042003236 0.5821122994652406 0.023747980613893358 0.17754010695187167
0 0.41067447495961235 0.548903743315508 0.012980613893376455 0.13850267379679146
2 0.3355977382875606 0.5645855614973262 0.08915993537964463 0.2348395721925133
2 0.3734531502423264 0.541524064171123 0.05306138933764136 0.16882352941176465
