0 0.23421977124183008 0.5123648648648649 0.022606209150326764 0.18127027027027035
0 0.3152982026143791 0.4945270270270271 0.015253267973856222 0.11970270270270268
0 0.11595588235294119 0.5212297297297298 0.026143790849673203 0.23240540540540536
0 0.21689542483660132 0.4751486486486487 0.013349673202614359 0.11981081081081085
2 0.46236519607843135 0.5039864864864865 0.030678104575163456 0.07618918918918918
2 0.8290482026143791 0.5540270270270271 0.08842320261437901 0.13021621621621624
2 0.8941176470588237 0.557445945945946 0.09877450980392145 0.12467567567567567
2 0.9478513071895426 0.5591621621621622 0.10266339869281053 0.12627027027027027
0 0.10273692810457517 0.5237972972972973 0.031862745098039214 0.21564864864864863
0 0.2525408496732026 0.4782027027027027 0.014705882352941176 0.12900000000000006
0 0.23478349673202614 0.4848243243243243 0.022442810457516362 0.11370270270270269
0 0.1547058823529412 0.5234189189189189 0.02042483660130719 0.20354054054054055
0 0.11825571895424837 0.5097297297297297 0.019877450980392144 0.20891891891891895
0 0.9139460784313727 0.7222837837837839 0.11111111111111112 0.550027027027027
1 0.4137826797385621 0.4897567567567568 0.009542483660130678 0.08054054054054058
0 0.10666666666666667 0.514445945945946 0.01797385620915033 0.17678378378378387
0 0.07756944444444444 0.5092567567567569 0.02886437908496732 0.19851351351351357
2 0.5061642156862746 0.5021486486486487 0.029468954248366055 0.07624324324324327
0 0.18698529411764706 0.47352702702702704 0.009526143790849671 0.1185675675675675
0 0.9795955882352942 0.537554054054054 0.011168300653594644 0.09705405405405405
