2 0.5001851851851852 0.53464 0.04431561996779385 0.1387733333333333
2 0.9548228663446053 0.7212266666666666 0.08874396135265702 0.5522133333333333
2 0.7102214170692431 0.6139066666666666 0.17651368760064415 0.29944000000000004
2 0.6674959742351046 0.56932 0.13433172302737523 0.218
2 0.6429186795491143 0.5353066666666667 0.10699677938808382 0.18362666666666663
2 0.5906884057971015 0.5026533333333333 0.09340579710144926 0.15533333333333332
2 0.5683011272141706 0.50916 0.06876006441223831 0.09314666666666668
2 0.5445491143317229 0.4909466666666667 0.04504025764895325 0.06109333333333332
2 0.28921497584541067 0.5239466666666667 0.06103864734299517 0.11072000000000003
2 0.41792673107890504 0.47490666666666664 0.03574074074074073 0.10789333333333327
2 0.3251650563607085 0.5192133333333333 0.04437198067632851 0.08797333333333328
2 0.3536111111111111 0.5160399999999999 0.03390499194847022 0.061360000000000046
2 0.3942753623188406 0.4973333333333333 0.02735909822866346 0.047946666666666714
2 0.27108695652173914 0.5169866666666667 0.03657004830917871 0.07525333333333332
2 0.018788244766505636 0.52304 0.036014492753623194 0.08837333333333337
