0 0.8051534733441034 0.629211229946524 0.06676898222940215 0.5468716577540106
0 0.5087520193861067 0.6042914438502673 0.041736672051696254 0.351951871657754
0 0.051918416801292416 0.6647058823529411 0.06892568659127625 0.4624064171122994
0 0.32140549273021 0.6331550802139038 0.04765751211631664 0.4267379679144385
0 0.7070880452342488 0.6075 0.058699515347334474 0.5188502673796791
1 0.38511308562197094 0.6216711229946523 0.05138933764135704 0.339385026737968
0 0.33296445880452347 0.6394786096256685 0.04605815831987079 0.2273529411764706
0 0.4575 0.5288235294117647 0.015080775444265003 0.1567379679144385
0 0.4798384491114701 0.5169385026737968 0.014539579967689823 0.1500802139037433
0 0.4309329563812601 0.5215508021390374 0.015613893376413512 0.14855614973262032
