2 0.47847703464947616 0.5138297872340425 0.03337630942788071 0.10042553191489366
2 0.13782836422240127 0.7644414893617021 0.27565672844480255 0.46579787234042547
2 0.15456083803384368 0.5964228723404255 0.13753424657534244 0.20609042553191492
2 0.2911764705882353 0.590625 0.11123287671232877 0.21252659574468077
2 0.2935132957292506 0.5295611702127659 0.06860596293311844 0.1483244680851064
2 0.3947663174858984 0.49722074468085103 0.056929895245769566 0.1791223404255319
2 0.3275624496373892 0.5319946808510638 0.04234488315874291 0.08547872340425527
2 0.41918614020950845 0.5014494680851064 0.030604351329572937 0.08390957446808506
2 0.4400966962127316 0.47690159574468083 0.020564061240934715 0.07566489361702125
2 0.2146253021756648 0.5442154255319149 0.07969379532634972 0.1208244680851064
