2 0.8849476650563607 0.52292 0.17255233494363925 0.26658666666666664
2 0.9392270531400966 0.5393866666666666 0.11993558776167475 0.17936000000000005
2 0.11692028985507247 0.6919866666666666 0.23384057971014494 0.37
2 0.1502012882447665 0.6282133333333333 0.22497584541062798 0.28128
2 0.2151046698872786 0.5792399999999999 0.22789049919484702 0.2669066666666667
2 0.3164130434782609 0.5386933333333332 0.13276167471819644 0.17621333333333336
2 0.331316425120773 0.5494399999999999 0.12298711755233495 0.13168
2 0.26144524959742355 0.56128 0.16509661835748793 0.1853866666666667
2 0.8170732689210951 0.4995866666666666 0.09799516908212563 0.14386666666666664
2 0.5758735909822866 0.5026533333333333 0.07533816425120768 0.08903999999999997
