0 0.11497549019607844 0.5714189189189189 0.03949346405228758 0.3087297297297298
0 0.09290441176470589 0.5595810810810811 0.0299591503267974 0.30256756756756753
1 0.6735620915032681 0.5569324324324325 0.04214052287581703 0.2977567567567567
0 0.496687091503268 0.553472972972973 0.02062908496732026 0.20721621621621628
1 0.3950408496732026 0.5063243243243244 0.022696078431372575 0.1404324324324324
0 0.6476797385620915 0.4967702702702703 0.015522875816993464 0.15964864864864864
0 0.5588031045751634 0.4741216216216217 0.01334150326797389 0.09878378378378375
0 0.5316053921568628 0.4875945945945946 0.008439542483660165 0.10037837837837835
0 0.5433292483660132 0.48164864864864865 0.007900326797385587 0.10043243243243243
0 0.590796568627451 0.46681081081081083 0.010351307189542544 0.0985405405405405
0 0.6015400326797387 0.46770270270270276 0.008717320261437875 0.10610810810810817
