2 0.8314895330112722 0.7460533333333332 0.3354106280193237 0.50256
2 0.2618840579710145 0.6991733333333333 0.15906602254428343 0.3112533333333333
2 0.5976650563607085 0.5907333333333332 0.0861352657004831 0.2126666666666666
2 0.35958937198067636 0.5828133333333333 0.07805152979066023 0.18349333333333334
2 0.40769323671497587 0.5390933333333333 0.036400966183574905 0.09802666666666664
1 0.46174315619967793 0.5064266666666667 0.00747987117552332 0.060586666666666664
1 0.4711272141706924 0.50064 0.00705314009661835 0.05711999999999996
2 0.428731884057971 0.5228 0.02530595813204514 0.060479999999999944
2 0.5174476650563608 0.49635999999999997 0.015619967793880819 0.042533333333333374
2 0.5432407407407407 0.5214 0.03934782608695653 0.10727999999999997
