2 0.4914130434782609 0.5054666666666667 0.019090177133655423 0.060160000000000005
2 0.8806320450885667 0.7791999999999999 0.2371256038647343 0.43626666666666664
2 0.749633655394525 0.7442933333333334 0.26024959742351056 0.50608
2 0.4512640901771337 0.5149199999999999 0.0249597423510467 0.06813333333333337
2 0.59597423510467 0.5727066666666666 0.07244766505636072 0.1811466666666666
2 0.5687117552334944 0.5458666666666666 0.05937198067632851 0.15685333333333337
2 0.5549758454106279 0.5305866666666668 0.04194847020933979 0.13258666666666666
2 0.5374154589371981 0.51984 0.032962962962963006 0.08618666666666665
2 0.36484299516908214 0.5156266666666667 0.044001610305958117 0.05482666666666659
2 0.3068196457326892 0.5199199999999999 0.04950080515297908 0.05722666666666661
0 0.599669887278583 0.5092 0.014492753623188406 0.13973333333333335
