2 0.5005958132045089 0.5332399999999999 0.04504025764895334 0.14103999999999997
2 0.7304951690821255 0.6281466666666666 0.18844605475040255 0.3327733333333333
2 0.6778904991948471 0.5760666666666666 0.1415297906602255 0.23463999999999993
2 0.6508132045088566 0.5367066666666667 0.11202898550724637 0.19437333333333337
2 0.594561191626409 0.5027866666666667 0.09680354267310781 0.16173333333333334
2 0.5706441223832528 0.5082533333333333 0.0705636070853462 0.09586666666666663
2 0.5456119162640901 0.48944 0.04584541062801937 0.06213333333333336
2 0.2831280193236715 0.52496 0.06371175523349436 0.11424000000000001
2 0.41476247987117554 0.47318666666666664 0.03733494363929152 0.11266666666666666
2 0.3209983896940419 0.5183866666666667 0.0459259259259259 0.09032000000000001
2 0.35088566827697265 0.5149866666666667 0.034927536231884056 0.06256000000000002
2 0.39328099838969405 0.4952666666666667 0.02759259259259258 0.04872000000000003
2 0.2659863123993559 0.5159333333333334 0.03804347826086957 0.07709333333333332
2 0.012330917874396136 0.52404 0.02466183574879227 0.08968000000000007
