2 0.13905797101449277 0.76812 0.27811594202898554 0.45842666666666665
2 0.32488727858293076 0.6801200000000001 0.13998389694041868 0.3393333333333334
2 0.39539452495974237 0.5234 0.08251207729468606 0.2697333333333333
2 0.043393719806763285 0.7986533333333333 0.08678743961352657 0.39735999999999994
2 0.7620531400966184 0.6252666666666667 0.3241545893719807 0.4030133333333334
2 0.6579790660225443 0.5726933333333333 0.1946537842190016 0.21957333333333334
2 0.24347423510466987 0.6578666666666666 0.1273510466988728 0.2604266666666666
2 0.5729347826086957 0.5229333333333333 0.11070048309178744 0.15183999999999997
2 0.4365579710144927 0.5110666666666667 0.046835748792270496 0.13712000000000005
2 0.5208937198067634 0.5108133333333333 0.02714975845410621 0.07938666666666669
0 0.4615177133655394 0.48660000000000003 0.00617552334943636 0.050426666666666654
0 0.46458534621578096 0.48574666666666666 0.005901771336553886 0.04893333333333339
