2 0.463365539452496 0.53692 0.03787439613526567 0.1025333333333333
2 0.16261674718196456 0.7900666666666666 0.3252334943639291 0.4145333333333333
2 0.3150805152979066 0.71496 0.17993558776167473 0.41333333333333333
2 0.23753623188405795 0.59668 0.1539291465378422 0.23607999999999993
2 0.3286272141706924 0.5452533333333333 0.09454911433172303 0.11466666666666667
2 0.35425523349436394 0.53084 0.07260064412238326 0.1103733333333333
2 0.38200080515297913 0.52216 0.0644202898550725 0.0805333333333333
2 0.39795088566827697 0.5178133333333333 0.04833333333333331 0.07157333333333334
2 0.40604267310789044 0.49792 0.05153784219001605 0.08181333333333335
3 0.782085346215781 0.49866666666666665 0.33916264090177134 0.9973333333333333
2 0.5618840579710145 0.5638 0.06479871175523351 0.16573333333333334
2 0.5313405797101449 0.5311733333333333 0.041505636070853516 0.10367999999999998
3 0.5169404186795491 0.46024 0.04769726247987118 0.1966933333333333
2 0.1239975845410628 0.5539733333333333 0.10155394524959742 0.12485333333333332
2 0.46400966183574877 0.51608 0.02780998389694048 0.0810666666666666
