2 0.9774798711755234 0.6059733333333334 0.0434299516908213 0.35978666666666664
2 0.9066143317230274 0.5743066666666666 0.17374396135265707 0.28679999999999994
2 0.8474516908212562 0.7763333333333333 0.30348631239935586 0.442
2 0.05193639291465378 0.76192 0.10387278582930756 0.47082666666666667
2 0.15803945249597423 0.6817733333333333 0.31607890499194846 0.6311199999999999
2 0.8212238325281804 0.5572533333333333 0.13876006441223845 0.21829333333333337
2 0.7193236714975845 0.51876 0.1461513687600644 0.20221333333333327
2 0.7100281803542673 0.5068133333333333 0.17073268921095006 0.1926133333333333
2 0.3033091787439614 0.6306666666666666 0.1293558776167472 0.2987733333333333
2 0.3560346215780999 0.5827866666666667 0.08168276972624798 0.18978666666666663
3 0.5004307568438003 0.4582533333333333 0.08870370370370367 0.24119999999999997
