2 0.0460024154589372 0.8442533333333334 0.0920048309178744 0.30616
2 0.140865539452496 0.7765866666666668 0.281731078904992 0.44149333333333335
2 0.2969524959742352 0.6787466666666666 0.14306763285024154 0.2932266666666666
2 0.8093961352657004 0.7441866666666667 0.35446054750402584 0.5062933333333334
2 0.6452053140096619 0.6164666666666667 0.11789855072463765 0.2717066666666667
2 0.8734541062801932 0.48982666666666663 0.15513687600644127 0.2145333333333333
2 0.537548309178744 0.5231066666666666 0.039669887278582915 0.09197333333333335
2 0.4892552334943639 0.5202 0.03126409017713369 0.05810666666666665
2 0.4605998389694042 0.50772 0.034307568438003234 0.04946666666666662
1 0.3995772946859903 0.51248 0.01168276972624798 0.06394666666666664
