0 0.9043093699515347 0.6665508021390374 0.10007269789983854 0.6615508021390374
0 0.5482229402261714 0.6473262032085562 0.05177705977382878 0.4178609625668449
0 0.2215508885298869 0.706283422459893 0.10378029079159935 0.5820855614973262
0 0.8963610662358643 0.6276470588235294 0.20566235864297255 0.7393582887700534
1 0.32158723747980617 0.7263235294117646 0.10516155088852994 0.5420053475935829
0 0.7583279483037156 0.5339572192513369 0.039983844911147016 0.3588235294117647
0 0.29611066235864303 0.6982486631016042 0.059943457189014525 0.2902941176470588
0 0.34885702746365105 0.6207219251336898 0.04611470113085625 0.1695187165775402
0 0.40227786752827144 0.5379679144385026 0.015864297253634883 0.15812834224598935
0 0.3897576736672052 0.5433689839572192 0.01494345718901454 0.14812834224598923
0 0.4588529886914378 0.5433957219251337 0.018917609046849727 0.1665775401069518
0 0.4839741518578353 0.5399999999999999 0.011663974151857787 0.1591978609625668
0 0.41997172859450727 0.5347459893048128 0.01605008077544427 0.1575668449197861
