2 0.11302334943639292 0.49866666666666665 0.22604669887278583 0.9973333333333333
2 0.8152979066022544 0.70528 0.36779388083735903 0.5841066666666667
2 0.3277898550724638 0.6246533333333333 0.2083816425120773 0.54056
0 0.9198067632850242 0.5717333333333332 0.03086956521739124 0.34928
0 0.6293196457326892 0.52484 0.01825281803542679 0.15965333333333334
2 0.5681561996779387 0.5507466666666666 0.052753623188405784 0.1433066666666667
2 0.5494806763285024 0.52792 0.044855072463768055 0.12997333333333336
0 0.49240740740740746 0.48930666666666667 0.007246376811594203 0.06725333333333333
0 0.49709339774557165 0.49174666666666655 0.008051529790660225 0.06541333333333334
2 0.45148953301127215 0.4879466666666667 0.016505636070853463 0.05706666666666668
