2 0.5198309178743962 0.60316 0.0741545893719806 0.2335733333333334
2 0.6386916264090177 0.5526933333333333 0.10754428341384858 0.16906666666666667
2 0.5873792270531402 0.5321066666666666 0.06292270531400965 0.10346666666666669
2 0.5674597423510467 0.5227466666666667 0.05617552334943638 0.07744000000000005
2 0.0725684380032206 0.7456933333333333 0.1451368760064412 0.39997333333333335
2 0.07396135265700483 0.6565733333333333 0.14792270531400967 0.23154666666666662
2 0.40394524959742356 0.5312133333333333 0.036280193236714976 0.08125333333333333
2 0.4555555555555555 0.5110399999999999 0.024621578099839003 0.05781333333333327
2 0.48310789049919484 0.5007866666666667 0.01727858293075687 0.044720000000000024
2 0.2999959742351047 0.5553066666666667 0.06417874396135265 0.10389333333333335
2 0.334597423510467 0.5351866666666666 0.043494363929146525 0.1016266666666667
2 0.37938405797101454 0.52244 0.03659420289855071 0.06834666666666665
2 0.42525362318840576 0.5136533333333333 0.0334863123993559 0.048906666666666675
2 0.20013687600644123 0.5522266666666666 0.06772946859903382 0.10573333333333335
2 0.1889452495974235 0.5348 0.07202898550724636 0.0782933333333333
