2 0.4968840579710145 0.52196 0.034991948470209366 0.10962666666666662
2 0.8874436392914653 0.72092 0.22350241545893723 0.5528266666666667
2 0.739549114331723 0.6454133333333334 0.19360708534621582 0.34773333333333334
2 0.6679428341384863 0.5852133333333333 0.1466908212560386 0.26936
2 0.6404669887278583 0.55836 0.12830917874396136 0.19074666666666668
2 0.6155958132045088 0.5342933333333334 0.10950080515297907 0.16757333333333332
2 0.5903140096618357 0.5179733333333333 0.08252818035426732 0.10549333333333334
2 0.4141545893719807 0.51152 0.024074074074074102 0.05775999999999999
2 0.5620450885668277 0.5014 0.06066022544283416 0.07864000000000002
2 0.5452576489533012 0.49632 0.04967793880837353 0.062346666666666654
2 0.5351731078904991 0.4818933333333333 0.04157004830917874 0.06304000000000004
2 0.3947383252818035 0.49394666666666665 0.022359098228663433 0.05114666666666668
2 0.37337761674718195 0.49206666666666665 0.014806763285024144 0.03949333333333334
