2 0.8285336494445801 737 162 927 231
2 0.7494248151779175 450 182 521 223
2 0.6877802610397339 525 178 582 208
2 0.6136905550956726 893 143 944 179
2 0.5951480269432068 1047 148 1137 179
2 0.5191149115562439 1006 149 1081 180
2 0.48955464363098145 641 175 684 200
2 0.45338770747184753 599 178 633 201
2 0.41179347038269043 475 182 534 213
2 0.38826242089271545 856 145 928 179
2 0.36841973662376404 911 153 958 180
2 0.3377028703689575 927 156 976 180
2 0.30486878752708435 1087 149 1153 177
2 0.2904728353023529 975 148 1045 179
