2 0.7882702350616455 0 164 311 368
2 0.6687445640563965 695 167 756 214
2 0.6620661616325378 818 192 1213 362
2 0.6519255042076111 458 170 560 213
2 0.6132075786590576 579 171 660 223
2 0.5665333867073059 531 161 611 203
2 0.54132080078125 821 156 922 195
2 0.537596583366394 733 170 886 244
2 0.536259651184082 5 167 154 236
2 0.4595893621444702 200 183 279 229
2 0.3729097843170166 704 172 817 230
2 0.3682107627391815 286 168 498 267
2 0.2946770191192627 270 175 380 221
2 0.26208430528640747 183 177 343 228
