2 0.8609331250190735 135 176 275 246
2 0.8581511974334717 3 177 142 278
2 0.7533313035964966 406 173 468 205
2 0.7483839392662048 283 182 365 222
2 0.6894137263298035 681 167 750 205
2 0.6512424349784851 582 173 674 245
2 0.5348602533340454 57 178 170 236
2 0.5069359540939331 480 172 525 192
2 0.5037162899971008 741 164 907 244
2 0.47291556000709534 508 169 555 191
2 0.45614343881607056 206 178 307 237
2 0.4449305534362793 658 168 719 200
2 0.38108858466148376 0 175 64 247
2 0.29688531160354614 445 173 490 195
