2 0.6984345316886902 410 171 525 223
2 0.6500911712646484 699 173 803 227
2 0.6423196196556091 953 90 1240 367
2 0.5370505452156067 468 172 567 213
2 0.47978147864341736 9 164 439 365
2 0.471661239862442 529 166 622 215
2 0.46383702754974365 260 177 461 276
2 0.45995232462882996 577 172 659 234
0 0.4521239399909973 679 170 710 225
2 0.4210229814052582 503 169 592 206
2 0.4184430241584778 748 167 894 243
2 0.3426550030708313 786 159 884 208
3 0.3062116801738739 3 162 434 364
0 0.2632967233657837 702 169 762 246
2 0.2558708190917969 312 172 503 241
