2 0.8618420362472534 113 190 266 256
2 0.853374183177948 0 181 81 290
2 0.6979063749313354 256 175 325 214
2 0.6596909165382385 691 171 777 218
2 0.6378796696662903 377 180 437 211
2 0.5549690127372742 399 181 451 207
2 0.46059727668762207 482 152 743 353
2 0.4535430371761322 746 173 826 211
2 0.40326887369155884 464 175 506 196
2 0.3947950601577759 655 172 727 206
2 0.35348066687583923 586 173 639 207
2 0.32173728942871094 512 176 553 192
2 0.2744688391685486 944 164 1242 368
2 0.2634223401546478 347 180 412 214
2 0.2576178014278412 413 177 469 204
