2 0.7712414860725403 782 159 1028 328
2 0.7432261109352112 700 167 775 217
2 0.7009541392326355 1039 226 1242 375
2 0.6917046904563904 0 179 204 302
2 0.6560043692588806 597 172 657 219
2 0.6283689141273499 509 161 592 201
2 0.6159612536430359 87 161 440 370
2 0.6073500514030457 448 170 562 214
2 0.4823053777217865 302 174 440 238
2 0.39933791756629944 736 174 862 241
0 0.32473257184028625 696 165 721 216
2 0.31639745831489563 744 169 824 213
2 0.2937231659889221 407 173 524 219
2 0.28314656019210815 825 156 968 210
0 0.2733830511569977 746 170 817 274
