2 0.8988710641860962 587 177 660 241
2 0.8624163866043091 380 182 468 231
2 0.8433088660240173 193 177 312 243
2 0.7979331612586975 65 191 216 263
2 0.7951208353042603 0 195 159 351
2 0.7581421136856079 750 172 903 248
2 0.7496268153190613 690 177 808 229
2 0.736923098564148 339 181 422 222
2 0.6166070699691772 491 176 552 206
2 0.4261389374732971 652 181 732 211
2 0.38724157214164734 451 178 527 209
2 0.36744317412376404 1048 341 1193 374
2 0.2676180303096771 596 164 635 193
2 0.25791412591934204 632 166 672 197
