2 0.8224813342094421 262 167 355 223
2 0.8171659708023071 107 184 198 228
2 0.7312935590744019 352 180 425 223
2 0.6797212362289429 757 162 835 207
2 0.6754607558250427 0 185 71 229
2 0.6527455449104309 716 170 790 205
2 0.5937084555625916 72 190 129 222
3 0.5148869752883911 878 143 1242 369
3 0.45913878083229065 1098 136 1237 196
2 0.3582860827445984 1093 136 1241 202
2 0.3576523959636688 476 172 525 201
2 0.32607129216194153 795 152 862 196
2 0.25319838523864746 969 196 1242 371
3 0.2512734830379486 260 168 349 220
