2 0.8828266859054565 0 179 119 284
2 0.7585541605949402 396 177 457 209
2 0.7266843318939209 158 187 283 248
2 0.7036680579185486 254 173 338 214
2 0.695723295211792 859 162 1218 371
2 0.6866322159767151 521 162 728 320
2 0.6711516380310059 691 172 776 217
2 0.6364400386810303 464 175 510 195
2 0.4969851076602936 367 178 427 211
2 0.39197126030921936 742 182 814 215
2 0.3199472725391388 660 174 732 211
2 0.28673166036605835 512 175 557 193
2 0.284499853849411 600 166 644 188
2 0.27657902240753174 641 168 692 192
2 0.276451975107193 646 172 703 205
