2 0.9239255785942078 148 195 341 289
2 0.9142077565193176 598 179 666 246
2 0.8608396649360657 325 180 402 226
2 0.8606542944908142 69 183 196 238
2 0.810603678226471 775 168 964 269
2 0.8105738162994385 523 179 560 204
2 0.7554583549499512 705 179 822 225
2 0.7454736232757568 447 183 508 219
2 0.7438587546348572 672 180 763 216
2 0.7081372141838074 415 184 463 212
2 0.6598002314567566 477 183 526 210
2 0.30022671818733215 256 186 338 224
2 0.29312387108802795 583 172 607 195
2 0.2745906114578247 666 178 732 205
