2 0.7965355515480042 356 161 428 196
2 0.7846378087997437 294 162 364 201
2 0.7384015917778015 522 155 597 196
2 0.7336195707321167 1106 152 1142 174
2 0.7207363247871399 756 155 809 183
2 0.6612588763237 680 164 738 188
2 0.6313222646713257 724 162 779 185
2 0.6101669073104858 564 157 626 189
2 0.6070230007171631 593 158 660 188
2 0.5911184549331665 639 160 703 188
2 0.5311377644538879 875 154 922 179
2 0.48290175199508667 801 158 855 181
2 0.418429434299469 252 158 299 205
2 0.3851929008960724 861 157 904 180
2 0.3553355932235718 825 160 865 180
2 0.3394363522529602 394 148 471 185
1 0.29319116473197937 258 160 291 207
