2 0.918404221534729 539 176 620 242
2 0.9023285508155823 92 188 283 295
2 0.8752456307411194 444 179 498 230
2 0.8422855734825134 257 185 353 240
2 0.8089103102684021 0 166 92 270
2 0.7897782325744629 219 171 303 223
2 0.7470974922180176 346 183 402 218
2 0.7430861592292786 499 180 528 201
2 0.6490350961685181 0 202 72 376
2 0.6292241215705872 411 165 442 202
2 0.5922583341598511 111 188 236 235
2 0.5515643954277039 374 184 414 213
2 0.3464464247226715 384 176 425 206
2 0.2694421410560608 278 183 346 220
