2 0.8373233675956726 282 159 371 198
2 0.7264937162399292 715 154 766 182
2 0.7252919673919678 216 161 292 202
2 0.6730991005897522 1046 148 1083 170
2 0.6708238124847412 559 157 629 187
2 0.6541210412979126 513 157 573 189
2 0.6526128053665161 591 156 662 187
2 0.6409392952919006 165 160 231 207
2 0.5960490703582764 756 154 813 180
2 0.5743964314460754 632 161 688 186
2 0.5449913144111633 464 156 540 197
2 0.5400686264038086 673 159 734 185
2 0.45891785621643066 833 149 880 178
2 0.38088250160217285 330 161 397 188
0 0.3632809817790985 170 156 199 208
2 0.31723448634147644 782 159 831 178
2 0.2931109666824341 809 157 852 178
2 0.26421576738357544 862 162 908 179
