2 0.9086737632751465 426 175 524 239
3 0.8920862674713135 614 139 672 199
2 0.8852225542068481 1005 156 1169 251
2 0.8693637847900391 712 183 816 261
2 0.8613467812538147 51 185 417 366
2 0.8436649441719055 474 162 556 221
2 0.8403425812721252 922 162 1059 237
2 0.7940499186515808 1181 150 1242 268
2 0.7755472660064697 872 161 1007 225
2 0.7490648627281189 0 209 170 372
2 0.7408753633499146 687 181 757 236
2 0.6556281447410583 723 157 843 204
2 0.4877897799015045 799 167 906 212
2 0.4382112920284271 833 163 957 217
2 0.3572578728199005 522 173 570 208
