0 0.8257793188095093 505 149 562 322
0 0.8249240517616272 808 149 876 324
0 0.8179417848587036 920 145 1007 339
0 0.7965789437294006 722 145 787 320
0 0.7914965152740479 559 150 612 299
0 0.7907353639602661 1009 142 1087 337
0 0.7662003636360168 648 139 705 290
2 0.7380204796791077 0 0 275 370
0 0.7153741121292114 891 163 921 237
0 0.6955731511116028 1090 164 1224 361
0 0.5900831818580627 586 135 637 278
0 0.5880911946296692 495 136 521 223
0 0.47523054480552673 261 139 296 247
0 0.31109485030174255 574 139 687 296
0 0.2902774512767792 299 143 335 227
