2 0.8754609823226929 482 175 551 231
2 0.8631946444511414 390 184 462 240
2 0.8300469517707825 781 152 899 193
2 0.8264458179473877 784 156 1090 263
2 0.8100649118423462 1140 141 1242 186
2 0.7815937399864197 593 176 619 202
2 0.7547933459281921 642 173 685 202
2 0.7141472101211548 1031 142 1127 183
2 0.6346373558044434 1086 146 1182 183
2 0.5942277312278748 919 143 991 184
2 0.5914753079414368 439 181 498 224
2 0.5041592717170715 963 153 1037 188
2 0.4268009066581726 876 144 1027 197
2 0.3240770399570465 379 183 542 237
