2 0.8171042203903198 255 161 331 201
2 0.8085988759994507 318 160 399 197
2 0.7088685035705566 1076 151 1112 172
2 0.7001038193702698 206 158 269 203
2 0.686065137386322 538 158 599 189
2 0.6824390292167664 574 157 648 189
2 0.6739621162414551 660 161 713 188
2 0.6717526912689209 737 156 789 182
2 0.6211215257644653 696 160 756 187
2 0.602811872959137 495 156 569 196
2 0.5902339816093445 609 156 682 187
2 0.5762742161750793 770 158 828 180
2 0.5343602895736694 850 152 899 179
2 0.5010585784912109 801 158 843 179
2 0.255930095911026 366 149 438 184
