2 0.9266397953033447 60 186 259 276
2 0.8933951258659363 206 180 439 321
2 0.8922237753868103 677 183 763 243
2 0.8668559193611145 628 179 659 203
2 0.8517520427703857 583 178 615 204
2 0.828187882900238 372 171 439 219
2 0.8079977631568909 420 180 498 234
2 0.803593099117279 490 182 531 212
2 0.6328285336494446 524 176 552 201
2 0.5812091827392578 226 186 344 234
2 0.5305674076080322 285 184 369 225
2 0.4715704619884491 460 176 500 206
2 0.30319368839263916 552 185 574 200
2 0.27132195234298706 423 175 478 211
2 0.2650505304336548 3 221 144 376
