2 0.9217222929000854 597 179 694 274
2 0.9133276343345642 50 197 282 304
2 0.8473868370056152 724 179 852 235
2 0.8411649465560913 1 200 165 283
2 0.8400208950042725 333 187 416 225
2 0.8347544074058533 489 184 532 210
2 0.8033545017242432 383 184 445 217
2 0.7857099771499634 685 178 761 213
2 0.7179229855537415 454 184 495 206
2 0.7118740677833557 554 178 583 199
2 0.705294668674469 203 182 299 229
2 0.27902400493621826 666 179 732 207
2 0.27178457379341125 588 179 615 198
2 0.25277194380760193 796 176 869 206
