2 0.9271466135978699 590 174 659 238
2 0.900350034236908 263 179 402 258
2 0.8912739753723145 791 169 958 273
2 0.8841780424118042 708 174 835 237
2 0.8431704640388489 0 196 132 292
2 0.8377662301063538 108 176 275 255
2 0.8210536241531372 580 168 613 195
2 0.7744738459587097 470 178 530 211
2 0.5319464206695557 652 170 681 190
2 0.39329850673675537 77 186 185 236
2 0.354915976524353 391 174 438 197
2 0.3421037793159485 683 172 718 190
2 0.269692987203598 0 198 50 262
2 0.26334425806999207 341 178 406 213
2 0.25757503509521484 362 179 421 206
