2 0.9044040441513062 41 175 368 369
2 0.8932191133499146 829 164 1118 338
2 0.8900496959686279 596 175 658 227
2 0.8498532176017761 701 161 773 217
2 0.828334629535675 213 177 422 287
2 0.7958593964576721 405 172 540 230
2 0.745876133441925 0 184 129 292
2 0.7154927849769592 471 169 562 208
2 0.7009692788124084 515 160 588 196
0 0.6627662181854248 770 175 838 285
2 0.6496321558952332 846 169 968 214
2 0.6168755292892456 723 174 804 231
2 0.6131991744041443 139 171 257 230
2 0.6131130456924438 385 168 466 210
2 0.4397246539592743 748 173 853 259
2 0.37937799096107483 540 158 602 189
2 0.37017446756362915 737 165 841 215
0 0.28982269763946533 680 156 694 196
2 0.26865068078041077 770 163 852 195
2 0.2665638029575348 97 170 302 261
