2 0.9133301973342896 408 176 591 293
3 0.8915570378303528 700 140 744 185
2 0.8714225888252258 740 169 789 208
2 0.8650882840156555 822 176 1153 372
2 0.8611850738525391 790 174 954 295
2 0.8473832607269287 1032 138 1232 216
2 0.8405255079269409 921 145 1088 225
2 0.7884581685066223 543 173 621 219
2 0.6880185604095459 608 164 664 199
2 0.5885683298110962 1154 137 1242 214
2 0.37477123737335205 786 159 864 204
2 0.3610980212688446 857 162 971 211
2 0.30207565426826477 1193 128 1241 205
2 0.2915981411933899 1053 182 1242 375
