2 0.8744977116584778 108 187 264 261
2 0.8716343641281128 697 117 885 285
2 0.8270779848098755 503 181 568 225
2 0.8267044425010681 224 157 337 232
2 0.8113842010498047 581 176 635 222
2 0.8018185496330261 83 181 203 234
2 0.7946617603302002 0 185 109 372
2 0.7921784520149231 663 176 746 236
2 0.7808406352996826 295 183 449 250
2 0.7199222445487976 359 184 476 235
2 0.40135204792022705 623 176 661 205
2 0.3710844814777374 624 152 668 200
2 0.36690762639045715 407 182 484 216
2 0.30188149213790894 471 177 540 211
2 0.2828300893306732 0 184 56 261
3 0.2662895917892456 625 147 669 197
