1 0.8213852047920227 720 150 828 272
1 0.8106922507286072 642 161 748 287
2 0.7974100112915039 1045 184 1166 231
0 0.7952030301094055 989 143 1090 360
0 0.7377986907958984 842 146 937 318
0 0.7321226596832275 175 154 198 209
0 0.7303093671798706 203 150 227 211
0 0.6573461294174194 935 145 1018 325
2 0.6186886429786682 1103 183 1216 228
1 0.6131306886672974 407 157 435 222
0 0.6079294085502625 820 145 886 322
2 0.5380493998527527 601 172 635 204
2 0.3478580117225647 1193 169 1223 235
0 0.3469812572002411 408 157 433 213
