2 0.8912542462348938 874 166 1171 346
2 0.886020839214325 592 175 639 217
2 0.8801290988922119 706 170 855 235
2 0.8498570322990417 442 180 488 211
2 0.8303561806678772 1145 178 1242 368
2 0.8023828864097595 163 177 205 206
2 0.7860125303268433 407 178 450 204
2 0.7286235094070435 646 166 721 201
2 0.7076425552368164 670 172 769 214
2 0.5600664019584656 0 219 46 374
2 0.5316469073295593 541 162 569 187
2 0.34555885195732117 508 169 542 190
2 0.33263081312179565 495 175 523 191
2 0.31999027729034424 640 168 686 199
