2 0.9017555117607117 0 173 316 372
2 0.8965076804161072 595 178 657 229
2 0.8848082423210144 834 192 1142 353
2 0.8575021624565125 297 173 488 268
2 0.8537442684173584 750 172 877 257
2 0.7913621068000793 447 172 559 216
0 0.716720700263977 720 175 749 246
2 0.7049908638000488 818 157 923 200
2 0.6889472603797913 689 168 749 213
2 0.6253631711006165 548 160 597 194
2 0.5599691271781921 603 170 645 208
2 0.5235356092453003 0 171 146 242
2 0.5130205154418945 169 181 296 229
2 0.4545442461967468 524 167 583 196
2 0.3956398665904999 82 175 247 236
0 0.38685572147369385 724 171 782 244
2 0.37639740109443665 708 172 795 230
2 0.3693416118621826 259 171 399 227
2 0.36541464924812317 499 170 571 203
2 0.34797295928001404 385 179 499 239
2 0.33782660961151123 216 175 338 225
