2 0.9225432276725769 588 173 677 255
2 0.914880096912384 744 165 915 255
2 0.9010113477706909 139 176 279 246
2 0.8705843687057495 880 96 1233 375
2 0.8636889457702637 273 184 369 226
2 0.8534417152404785 1 176 147 277
2 0.7651183009147644 677 168 760 204
2 0.75337815284729 406 174 468 203
2 0.6941307187080383 478 172 513 191
2 0.6170666813850403 67 178 176 232
2 0.5855733156204224 518 173 553 190
2 0.5647587776184082 1192 154 1241 238
2 0.5355396270751953 661 169 716 193
2 0.44602885842323303 0 176 65 249
2 0.44438013434410095 442 173 482 198
2 0.39166316390037537 326 175 379 202
2 0.33682167530059814 453 171 512 196
2 0.28915485739707947 199 179 290 226
