2 0.9585527181625366 100 190 315 295
2 0.8955878019332886 907 170 1202 357
2 0.8677687048912048 805 169 999 282
2 0.8654896020889282 592 171 637 215
2 0.8433177471160889 696 168 824 225
2 0.840847909450531 467 177 505 203
2 0.8014540076255798 417 173 461 199
2 0.7181288599967957 662 169 741 210
2 0.6786296367645264 1177 162 1242 366
2 0.611311137676239 546 162 574 188
2 0.5532987713813782 394 175 428 196
2 0.5386728644371033 640 166 712 199
2 0.5303595662117004 1135 156 1240 215
2 0.4789685904979706 514 169 541 188
