0 0.8500849008560181 706 140 778 334
0 0.838947057723999 780 140 856 314
0 0.8295348882675171 584 132 615 218
0 0.7942113280296326 544 138 580 221
2 0.7369451522827148 0 0 265 370
0 0.734420895576477 508 141 535 215
0 0.7116355895996094 678 147 697 200
0 0.6631138920783997 453 143 482 214
0 0.6463403701782227 484 141 508 209
0 0.5725558400154114 268 132 307 236
0 0.5393446087837219 472 141 498 211
0 0.5312697291374207 430 141 465 214
1 0.29517653584480286 426 138 467 217
0 0.27887091040611267 720 138 844 327
