2 0.894606351852417 813 183 1219 374
2 0.8883342146873474 0 179 308 362
2 0.8873963356018066 273 177 445 252
2 0.849821150302887 680 180 742 219
2 0.8376415371894836 401 171 501 224
2 0.820999026298523 573 174 627 219
2 0.7380983233451843 646 160 689 200
2 0.7254440188407898 482 168 553 200
2 0.7013087868690491 1070 191 1242 373
2 0.6538182497024536 147 171 265 221
2 0.4843716621398926 0 185 91 278
2 0.42503002285957336 237 171 348 216
2 0.40911489725112915 95 168 218 221
2 0.3868323266506195 0 178 45 254
2 0.326194167137146 1 194 89 373
2 0.3259454071521759 450 167 532 204
