2 0.9269600510597229 94 184 293 308
2 0.9084224104881287 729 181 885 296
2 0.8835180401802063 589 173 644 217
2 0.8694705963134766 492 179 569 233
2 0.8516340255737305 187 172 385 270
2 0.7948125004768372 319 175 456 231
3 0.7400362491607666 682 95 800 233
2 0.6872948408126831 432 169 518 205
2 0.6742162108421326 513 174 579 216
2 0.6499422788619995 650 169 686 202
2 0.6003333330154419 401 168 483 208
0 0.5226053595542908 823 164 850 230
3 0.4221107065677643 684 151 772 221
3 0.31984081864356995 629 148 675 192
2 0.25741806626319885 679 148 768 221
