2 0.8994951248168945 7 187 336 367
2 0.8914493918418884 334 177 473 244
2 0.8746066689491272 186 179 394 294
2 0.8488547205924988 767 186 971 310
2 0.842275083065033 672 181 727 218
2 0.8141615986824036 572 176 628 219
2 0.79786217212677 643 159 682 200
2 0.7831761837005615 870 0 1242 375
2 0.7494378089904785 427 175 520 220
2 0.6348088383674622 12 180 127 233
2 0.6336835622787476 0 161 55 294
2 0.536309540271759 200 175 308 218
2 0.49795234203338623 471 170 551 202
2 0.3279576599597931 504 173 559 198
2 0.2562975585460663 105 179 224 225
