2 0.8943895101547241 715 174 869 281
2 0.8893300294876099 3 200 287 374
2 0.8612073659896851 656 163 729 225
0 0.84846031665802 898 147 944 258
2 0.8470928072929382 676 164 766 244
1 0.8058914542198181 245 173 378 347
2 0.7804999947547913 526 168 553 190
2 0.7763847708702087 455 173 507 214
1 0.7014934420585632 413 170 459 257
2 0.5398410558700562 284 187 403 262
0 0.5114189982414246 625 163 640 196
2 0.5005257725715637 351 180 447 244
2 0.4493050277233124 243 177 395 330
2 0.3389684855937958 414 171 471 225
0 0.28967365622520447 418 168 462 234
