2 0.9167551398277283 815 170 1117 372
2 0.9078488945960999 328 162 402 214
2 0.8518393039703369 408 176 462 212
2 0.8343303203582764 187 176 280 215
2 0.825589656829834 577 159 622 205
2 0.7860022783279419 0 171 67 251
2 0.7701423168182373 814 148 938 251
2 0.7428686022758484 713 167 771 202
2 0.6997969746589661 88 180 169 217
2 0.6728262901306152 639 144 675 184
2 0.5892153978347778 830 140 1018 223
2 0.5608431100845337 762 164 820 201
3 0.4585559368133545 603 142 642 187
2 0.4116993546485901 814 111 995 199
2 0.3458732068538666 114 181 208 214
3 0.3066355884075165 637 141 673 183
2 0.2874104380607605 512 167 545 194
2 0.27640384435653687 1094 129 1239 199
2 0.2726641595363617 601 153 639 190
