0 0.8566585183143616 685 151 736 296
0 0.8414387106895447 739 141 796 293
0 0.8276933431625366 1118 158 1223 363
0 0.7984234690666199 493 154 576 362
0 0.7836025357246399 571 146 634 319
0 0.7569968700408936 788 159 908 370
2 0.7525503635406494 0 0 274 370
0 0.6980195641517639 244 136 288 257
0 0.6732032299041748 964 139 1091 368
0 0.6509162783622742 838 131 1069 362
0 0.5084748864173889 637 146 657 198
0 0.4050975441932678 535 156 607 318
0 0.4021551311016083 814 137 872 262
0 0.39336660504341125 611 146 639 205
0 0.3642609119415283 622 142 653 203
0 0.27966582775115967 869 134 970 324
