3 0.8733115196228027 612 133 676 214
2 0.8728718161582947 673 183 787 271
2 0.8560581803321838 543 181 589 221
2 0.8415982723236084 14 217 426 375
2 0.7722635269165039 205 185 289 221
2 0.7671200633049011 640 182 706 235
2 0.7527770400047302 411 179 515 222
2 0.7021960020065308 302 182 461 251
2 0.6693870425224304 4 187 256 340
2 0.6465985178947449 449 172 526 209
2 0.504571259021759 617 188 654 218
3 0.4849362075328827 937 0 1242 375
2 0.4580552875995636 0 187 122 294
2 0.43120235204696655 930 0 1242 375
2 0.4070987105369568 245 185 336 220
2 0.30631083250045776 284 185 401 236
