2 0.9199331998825073 482 163 551 229
2 0.8782152533531189 840 117 1132 232
2 0.8781149387359619 222 185 326 240
2 0.8640930652618408 1030 135 1242 371
2 0.8562344312667847 668 170 771 218
2 0.8553748726844788 96 163 228 246
2 0.8447360396385193 402 170 449 210
2 0.811345636844635 575 146 617 188
2 0.7674736976623535 731 164 825 214
3 0.761601448059082 523 126 574 195
2 0.5236444473266602 0 189 38 251
2 0.425356924533844 1185 114 1241 203
2 0.32993167638778687 536 154 577 195
2 0.30721911787986755 770 151 870 203
2 0.27905094623565674 1112 127 1241 210
3 0.260275274515152 571 144 615 189
2 0.2540398836135864 833 120 991 213
