2 0.9019632339477539 763 186 920 285
2 0.8811114430427551 42 180 344 349
2 0.8656471371650696 384 173 521 243
2 0.8651859760284424 710 174 808 240
2 0.8635410666465759 594 181 656 233
2 0.8450440764427185 178 178 444 300
2 0.7963477969169617 480 174 563 211
2 0.7796204686164856 0 172 123 369
2 0.6799480319023132 123 171 235 221
2 0.6551042199134827 1034 80 1240 374
2 0.5931609272956848 794 158 888 201
2 0.48501232266426086 692 177 741 223
2 0.4523559510707855 603 173 643 209
2 0.39976969361305237 681 172 730 211
2 0.3895224630832672 2 174 104 248
0 0.37675905227661133 700 180 744 231
2 0.3640717566013336 781 170 900 250
2 0.30473706126213074 518 173 575 198
