1 0.8451337814331055 552 155 598 235
1 0.8046510815620422 502 161 538 236
0 0.799940288066864 1001 148 1145 367
2 0.7730802893638611 962 181 1066 231
0 0.7661689519882202 126 154 155 232
2 0.7504123449325562 1069 185 1161 232
0 0.7459266185760498 212 148 235 203
0 0.7049160599708557 244 148 272 203
2 0.7026413679122925 1093 183 1215 230
0 0.7021980285644531 714 149 790 311
0 0.6733750700950623 648 156 712 281
0 0.6602085828781128 625 154 684 283
2 0.5082631707191467 599 171 637 206
2 0.4859635829925537 1184 171 1224 235
0 0.3946787118911743 184 148 200 196
