2 0.9385226368904114 753 185 880 268
2 0.9048040509223938 709 172 794 235
2 0.881269097328186 132 176 390 311
2 0.8753615617752075 593 180 655 232
2 0.8576515913009644 0 174 254 367
2 0.8476383686065674 255 181 464 274
2 0.8184436559677124 399 172 525 235
2 0.812260627746582 927 108 1236 369
2 0.7760964632034302 484 173 563 209
2 0.7006999850273132 154 167 257 217
2 0.6233637928962708 792 157 880 196
2 0.5869288444519043 0 149 57 245
2 0.5479453802108765 601 171 644 210
0 0.5316441655158997 693 172 716 225
2 0.3050519824028015 0 152 93 296
2 0.3006906509399414 694 172 735 227
2 0.28085634112358093 515 171 572 200
2 0.2529752552509308 687 171 721 212
