3 0.8880680799484253 639 140 688 187
2 0.8879351019859314 111 172 496 367
2 0.8835455179214478 685 172 740 214
2 0.8609997630119324 801 178 1185 369
2 0.8487492203712463 467 174 546 230
2 0.8368607759475708 1073 133 1242 236
2 0.8190898895263672 410 177 517 245
2 0.7468859553337097 926 134 1146 236
2 0.7430397868156433 830 162 946 213
2 0.6726439595222473 531 166 585 208
2 0.5684652328491211 977 183 1242 375
2 0.41454941034317017 546 160 600 200
2 0.3959329426288605 728 158 810 191
2 0.2881680428981781 799 162 901 203
