2 0.8114104270935059 621 157 689 187
2 0.7969187498092651 324 161 395 199
2 0.7871994376182556 389 161 457 194
2 0.7079002857208252 584 155 646 189
2 0.7077470421791077 1134 148 1175 174
2 0.6975748538970947 658 156 728 187
2 0.6614047288894653 787 155 833 181
2 0.6411660313606262 547 160 620 193
2 0.6153587102890015 740 157 799 185
2 0.5488365292549133 281 155 339 199
2 0.5346774458885193 706 163 761 187
2 0.5155586004257202 908 159 953 179
2 0.46196824312210083 819 153 878 180
2 0.44491371512413025 886 157 925 179
2 0.35292455554008484 419 149 489 186
2 0.32322993874549866 543 171 597 193
0 0.3223169147968292 303 161 334 202
2 0.29307758808135986 847 159 888 178
