2 0.9277913570404053 576 174 729 312
2 0.902242124080658 932 163 1242 373
2 0.894696831703186 0 183 79 289
2 0.8804339170455933 109 190 268 258
2 0.8116089701652527 710 167 829 220
2 0.8071339130401611 362 179 437 212
2 0.7965394258499146 253 176 329 212
2 0.6905174255371094 407 177 456 205
2 0.6440173983573914 515 174 551 192
2 0.6256102919578552 463 175 503 195
2 0.5634870529174805 683 171 770 214
2 0.4534287750720978 666 170 726 195
2 0.42011022567749023 587 164 613 184
2 0.27368026971817017 1173 155 1234 230
