2 0.8813071250915527 1014 189 1240 370
2 0.8700603246688843 630 178 680 217
2 0.8679276704788208 0 162 295 302
2 0.8469193577766418 823 181 1104 289
2 0.8406515717506409 0 188 96 365
2 0.7821872234344482 770 182 981 265
1 0.7306575775146484 488 171 513 230
2 0.6856247782707214 370 176 480 219
2 0.6705198884010315 762 167 918 239
2 0.6650413870811462 616 170 641 197
2 0.5746325850486755 319 176 450 225
2 0.5606235861778259 911 182 1209 317
2 0.28556761145591736 606 168 627 189
2 0.2745470404624939 601 167 618 185
