2 0.9451540112495422 793 171 1025 307
2 0.8886359333992004 596 177 659 227
2 0.8857343792915344 152 173 413 338
2 0.8398081660270691 271 178 450 273
2 0.83912593126297 1040 226 1239 371
2 0.8167840242385864 3 185 182 279
2 0.7983107566833496 418 170 545 226
0 0.7621419429779053 757 175 800 273
2 0.7416740655899048 825 153 961 206
2 0.7335889935493469 712 178 781 226
2 0.7108227014541626 495 167 575 203
2 0.6924542188644409 158 168 272 219
2 0.6886183619499207 698 165 759 214
2 0.5538676381111145 532 160 598 192
2 0.548742949962616 602 170 650 209
2 0.505784273147583 742 176 808 248
2 0.45376577973365784 751 167 818 201
2 0.3272491991519928 185 177 309 228
0 0.3222489655017853 696 165 723 210
2 0.3163435757160187 721 170 811 217
2 0.31422320008277893 816 161 987 236
