2 0.9207059144973755 257 184 445 305
2 0.9203524589538574 696 186 814 267
2 0.8811392784118652 3 179 214 297
2 0.8588333129882812 425 181 512 238
2 0.84028559923172 654 182 705 221
2 0.7455899715423584 584 181 609 202
2 0.7434036135673523 377 184 440 219
2 0.7131530046463013 482 181 532 219
2 0.5760071277618408 275 185 375 242
2 0.5593274831771851 531 178 557 202
2 0.460653156042099 621 181 645 200
2 0.4135482907295227 2 182 98 248
2 0.35329651832580566 333 188 430 239
2 0.2566917836666107 0 185 51 256
