2 0.9133313894271851 590 177 658 243
2 0.8998777866363525 755 173 895 252
2 0.8788344264030457 0 192 167 367
2 0.8750582337379456 380 180 465 232
2 0.8702309131622314 185 179 309 246
2 0.8470653891563416 690 177 811 232
2 0.8221966028213501 1137 165 1242 368
2 0.8114439249038696 507 178 550 205
2 0.781998872756958 61 190 212 261
2 0.7618042230606079 340 181 412 221
2 0.7110012769699097 457 180 509 207
2 0.42597368359565735 426 178 475 210
2 0.4018665850162506 153 182 253 227
2 0.40097641944885254 687 178 757 210
2 0.37294381856918335 255 174 319 216
2 0.36932656168937683 639 167 668 195
