2 0.9106058478355408 205 169 447 291
2 0.9065379500389099 786 179 965 286
2 0.9011213779449463 733 152 849 241
2 0.8971874713897705 892 182 1241 366
2 0.8776259422302246 1 169 122 299
2 0.8775923848152161 590 167 650 217
2 0.8396583795547485 73 165 276 250
2 0.8290653824806213 891 134 1086 212
2 0.744901716709137 382 164 507 226
2 0.7088188529014587 478 155 558 196
2 0.6790779232978821 503 149 578 188
2 0.6505220532417297 246 164 339 215
2 0.6394044756889343 321 160 397 204
2 0.5568820238113403 804 155 898 210
0 0.5078945159912109 697 157 717 204
2 0.4763975441455841 434 163 539 209
2 0.29073119163513184 167 167 293 233
