2 0.9044802784919739 928 196 1242 374
2 0.8961483836174011 1112 130 1237 202
2 0.8869941830635071 265 167 355 223
2 0.8605735898017883 360 181 428 222
2 0.8539412617683411 553 160 605 214
2 0.8425417542457581 873 145 1106 330
2 0.8398946523666382 95 182 217 227
2 0.8142094612121582 0 184 98 228
2 0.7791727185249329 629 152 661 186
2 0.7670290470123291 825 128 1035 218
2 0.7343785166740417 731 165 834 209
2 0.7287513613700867 482 171 520 202
2 0.6863464117050171 706 170 778 207
2 0.5323111414909363 585 157 623 192
3 0.44743165373802185 584 151 622 193
