2 0.9310044050216675 707 184 817 267
2 0.8964389562606812 211 185 364 277
2 0.882807195186615 278 179 428 254
3 0.8814324140548706 675 107 773 227
2 0.8570734262466431 589 175 640 220
2 0.844379186630249 509 184 566 229
2 0.7287104725837708 374 178 476 226
2 0.6669502258300781 646 174 680 203
2 0.6542279124259949 452 175 529 207
2 0.5849844217300415 220 176 301 220
0 0.5842959880828857 799 168 819 228
2 0.5821770429611206 416 174 497 209
2 0.4885227084159851 1 185 16 243
2 0.3358744978904724 527 172 576 209
2 0.3293616473674774 682 108 792 237
2 0.2549273669719696 631 164 672 202
