1 0.8533108830451965 586 160 656 274
2 0.840782880783081 1036 184 1158 231
0 0.8264161348342896 35 139 75 243
2 0.8170758485794067 961 180 1067 229
1 0.8145546913146973 646 151 713 265
0 0.8110017776489258 734 148 803 302
0 0.7866348028182983 221 148 246 207
0 0.7605953216552734 860 147 954 334
0 0.719955325126648 783 148 841 293
2 0.6932642459869385 1101 182 1217 229
1 0.6620838046073914 439 157 467 211
0 0.6166064143180847 187 143 208 201
0 0.4264250099658966 259 151 275 191
2 0.3359537720680237 1194 167 1223 236
0 0.31957724690437317 644 157 720 260
0 0.30919164419174194 380 163 395 217
