2 0.9348387122154236 634 180 763 273
2 0.8903295397758484 0 190 209 373
2 0.8845979571342468 238 189 384 274
2 0.85196453332901 520 181 566 221
2 0.84958416223526 118 165 278 247
2 0.8145551085472107 350 188 436 238
2 0.7682946920394897 399 186 454 223
2 0.7488250136375427 441 185 479 212
2 0.7466409206390381 333 172 398 214
2 0.743919312953949 563 181 587 204
2 0.4801827371120453 295 182 356 216
2 0.31720641255378723 494 187 518 206
2 0.31012243032455444 468 167 497 200
2 0.2989667057991028 0 196 102 278
