2 0.9494842886924744 767 161 956 287
2 0.8870813846588135 0 174 312 374
2 0.877208948135376 587 178 643 226
2 0.8579986691474915 275 178 440 265
2 0.8574762344360352 353 177 488 243
2 0.8145802021026611 859 191 1242 374
2 0.8038997650146484 942 144 1166 228
2 0.7782589197158813 490 158 568 206
2 0.7035205364227295 428 174 528 219
2 0.6616745591163635 209 175 339 234
2 0.44776153564453125 28 174 263 284
1 0.44516462087631226 702 170 726 218
2 0.37782004475593567 177 174 291 223
0 0.311494380235672 702 171 726 221
2 0.2988719642162323 79 178 245 248
2 0.25219032168388367 0 181 83 285
