0 0.818191409111023 869 145 948 349
0 0.8060640096664429 776 144 846 348
1 0.7917512655258179 0 163 127 370
0 0.7596667408943176 1120 142 1178 281
0 0.7305037379264832 982 150 1042 264
0 0.7091822624206543 124 169 198 341
0 0.6718932390213013 445 167 487 259
0 0.655002772808075 909 158 964 268
2 0.6348812580108643 457 161 521 217
1 0.4952395558357239 122 172 198 335
2 0.45275846123695374 544 154 576 194
0 0.3377235233783722 1159 170 1237 372
2 0.33631664514541626 487 161 534 203
0 0.26060259342193604 946 156 1024 265
