2 0.8681554794311523 840 179 1022 240
2 0.8252402544021606 545 169 588 208
2 0.811660885810852 601 169 637 203
0 0.8025216460227966 346 155 399 269
2 0.8025148510932922 1038 184 1159 231
2 0.7886188626289368 973 183 1068 229
0 0.7794113159179688 126 156 157 233
0 0.7745921015739441 283 158 313 224
2 0.7333222031593323 1100 180 1219 232
0 0.6721122860908508 234 153 255 203
0 0.663876473903656 193 150 217 204
0 0.6324297189712524 160 157 179 208
0 0.602748453617096 260 154 278 206
0 0.4869421124458313 150 155 177 223
0 0.4479660093784332 242 153 271 207
0 0.3336973190307617 220 153 247 205
2 0.31713801622390747 1190 165 1224 227
