2 0.8899497985839844 758 189 1003 346
2 0.8880764245986938 84 175 320 313
2 0.8598881363868713 0 191 164 371
2 0.8562380075454712 285 179 429 243
2 0.8522870540618896 471 187 559 248
2 0.8515177369117737 590 173 642 217
3 0.834190845489502 681 81 829 242
2 0.8224089741706848 653 175 693 209
2 0.7467929720878601 503 173 574 226
0 0.7431084513664246 855 162 897 262
2 0.7271084189414978 412 174 510 212
2 0.49448904395103455 98 177 242 244
2 0.4868578314781189 382 173 471 208
3 0.46116384863853455 631 140 678 195
3 0.3045360743999481 682 146 784 224
