2 0.9295988082885742 308 177 484 297
2 0.901760995388031 561 176 607 218
2 0.8895432353019714 457 182 524 225
2 0.8764647841453552 231 184 350 247
2 0.854894757270813 0 177 158 336
2 0.8479780554771423 508 183 545 210
2 0.8222984075546265 63 184 206 242
2 0.6972419023513794 214 182 302 224
2 0.6091719269752502 535 164 561 198
2 0.428452730178833 326 183 405 220
2 0.38604989647865295 525 176 559 203
2 0.3545401692390442 369 181 424 214
2 0.32892873883247375 3 180 103 247
2 0.2952306270599365 422 181 466 206
2 0.26214665174484253 0 178 48 265
