2 0.8880557417869568 441 180 500 226
2 0.8833276629447937 747 161 942 234
2 0.8575088381767273 527 172 572 210
2 0.8155523538589478 478 179 529 213
2 0.7847051024436951 1069 141 1180 179
2 0.7815098762512207 600 174 624 199
2 0.7705820798873901 643 172 681 198
2 0.7238960862159729 990 145 1076 179
2 0.665671706199646 762 154 862 192
2 0.5655072927474976 875 141 950 178
2 0.5540844798088074 922 151 987 180
3 0.5436457991600037 874 141 949 178
2 0.38583219051361084 1018 146 1112 180
2 0.31987136602401733 853 161 923 188
