0 0.8540791869163513 763 162 835 339
0 0.8471372723579407 709 172 771 346
0 0.7769873142242432 277 135 319 253
0 0.7601578235626221 538 133 577 242
0 0.7351948618888855 621 141 653 222
2 0.7318270206451416 0 0 266 370
0 0.7217771410942078 586 139 625 234
0 0.6927036643028259 515 133 553 242
0 0.6296144127845764 503 140 523 203
0 0.5106252431869507 458 145 481 206
0 0.44470664858818054 472 145 495 203
0 0.43306031823158264 490 143 511 201
0 0.3628969192504883 650 140 669 198
0 0.34729117155075073 390 140 416 206
1 0.3265358805656433 410 144 451 210
0 0.31969043612480164 409 142 444 208
0 0.27711477875709534 640 141 665 205
