2 0.9343696236610413 221 183 420 308
2 0.8966161608695984 931 172 1241 376
2 0.888740062713623 0 189 178 304
2 0.8753921389579773 436 187 510 236
2 0.8505263328552246 183 164 314 247
2 0.8286085724830627 597 179 632 213
2 0.8046137690544128 638 180 665 203
2 0.780002772808075 492 184 538 218
2 0.7165696620941162 333 169 413 217
2 0.6643465757369995 299 168 384 219
2 0.6332947015762329 410 179 462 214
2 0.5685601234436035 437 171 486 207
2 0.5683141350746155 529 179 558 203
2 0.3162800073623657 519 182 553 211
2 0.27537044882774353 467 181 513 214
