2 0.8792738914489746 98 179 414 365
2 0.8722389936447144 356 182 487 263
2 0.8617282509803772 584 176 615 203
2 0.8565321564674377 637 180 674 206
2 0.8531713485717773 693 185 797 255
2 0.8347926735877991 457 179 518 221
2 0.8047336935997009 0 184 146 319
2 0.7890005111694336 508 181 542 207
2 0.6792227029800415 350 180 412 217
2 0.6159295439720154 409 174 465 207
2 0.5957537889480591 133 185 281 251
2 0.44976499676704407 163 178 377 280
2 0.35907429456710815 518 179 551 201
2 0.3187074363231659 206 183 339 242
2 0.2919219434261322 413 180 485 227
2 0.25222814083099365 377 178 446 215
2 0.25046488642692566 529 175 558 198
