2 0.850577175617218 1036 184 1157 232
2 0.8111060857772827 962 180 1067 229
2 0.7906745076179504 602 168 637 202
0 0.7867669463157654 833 157 892 287
1 0.7696524858474731 0 165 190 370
0 0.7612346410751343 325 160 357 227
0 0.7491227388381958 284 156 314 228
0 0.7420871257781982 483 157 534 259
0 0.7139203548431396 379 163 394 216
0 0.7124152779579163 787 158 853 286
0 0.6935703754425049 244 157 270 219
0 0.6820873618125916 212 151 239 219
2 0.6762451529502869 1102 182 1217 229
0 0.43997228145599365 337 161 366 222
2 0.39671918749809265 1186 171 1224 235
0 0.33461567759513855 307 157 344 225
