2 0.9468140602111816 726 172 909 310
3 0.8985490798950195 624 131 685 205
2 0.8909577131271362 269 189 480 343
2 0.8860703706741333 814 209 1242 370
2 0.8377296328544617 387 185 508 272
2 0.8373709321022034 2 247 400 375
2 0.8369836807250977 0 189 74 248
2 0.8230567574501038 637 180 685 218
2 0.810139536857605 562 177 618 226
2 0.7840607762336731 151 182 250 224
2 0.7604297995567322 520 177 560 207
2 0.6563557982444763 239 183 381 250
2 0.523158848285675 389 175 463 216
2 0.36460551619529724 571 173 610 206
0 0.31516414880752563 710 162 726 206
2 0.2784282863140106 431 175 497 211
