2 0.9164987206459045 207 183 363 272
2 0.8863813281059265 685 179 780 250
2 0.8785305023193359 363 195 524 298
2 0.8744832873344421 580 181 640 230
2 0.8705616593360901 709 189 871 296
2 0.8582122921943665 771 160 1198 368
2 0.8363548517227173 0 198 140 372
2 0.8002825379371643 138 178 241 222
2 0.7914813160896301 637 181 676 212
2 0.7328150868415833 439 182 546 251
3 0.6393770575523376 629 146 678 205
0 0.6129071712493896 1009 177 1167 369
2 0.5643682479858398 370 181 472 233
3 0.47051194310188293 634 175 673 213
2 0.34937068819999695 538 180 581 204
2 0.2754150331020355 607 178 645 212
