0 0.8472509980201721 651 143 713 291
0 0.8397882580757141 719 135 781 288
0 0.7891100645065308 610 141 648 242
2 0.7497886419296265 0 0 267 370
0 0.7196063995361328 468 139 503 238
0 0.7173097133636475 523 136 560 235
0 0.7149918675422668 578 139 616 243
0 0.5908964276313782 274 140 313 243
0 0.5810373425483704 554 137 588 237
0 0.5755898952484131 490 139 526 240
0 0.535825252532959 454 140 487 232
0 0.4380687475204468 659 139 775 290
0 0.36045894026756287 539 134 573 232
0 0.3396958112716675 671 146 706 223
0 0.2813420593738556 646 151 680 230
