2 0.9323834180831909 695 135 841 256
2 0.8873506784439087 167 181 388 301
2 0.8761783838272095 288 160 465 265
2 0.8631396293640137 582 176 639 224
2 0.8512329459190369 255 148 347 210
2 0.830676257610321 655 174 688 202
2 0.7745481729507446 389 175 514 232
2 0.7660468220710754 466 172 542 205
2 0.7149161696434021 167 171 273 218
2 0.60688716173172 0 182 147 273
2 0.4530034363269806 435 176 528 215
2 0.3820352852344513 51 167 172 251
2 0.33578556776046753 562 172 594 196
2 0.3012453019618988 622 163 657 195
