2 0.9498080611228943 258 172 465 304
0 0.8394806385040283 126 169 162 251
0 0.7415052652359009 165 176 203 248
1 0.6488618850708008 591 150 623 231
1 0.644822895526886 1107 130 1208 201
2 0.5722560882568359 1194 137 1224 184
0 0.5696999430656433 294 157 331 250
0 0.4747261703014374 589 151 623 233
0 0.43220648169517517 308 161 350 239
0 0.4031684398651123 271 163 302 244
1 0.39026734232902527 859 151 909 195
2 0.3843880295753479 1106 131 1205 200
0 0.32004597783088684 281 161 317 246
0 0.29665932059288025 388 154 434 248
