2 0.9057297706604004 895 163 1242 369
2 0.8971825242042542 709 164 788 225
2 0.8970770239830017 368 176 519 247
2 0.8829061388969421 597 176 658 227
2 0.8809966444969177 741 180 834 244
2 0.8790683150291443 24 179 335 366
2 0.7947205901145935 777 185 945 277
2 0.7827507257461548 457 171 550 211
2 0.760852038860321 315 171 410 221
0 0.7171742916107178 837 177 913 334
2 0.6999164819717407 864 149 1001 207
2 0.6554272770881653 169 175 302 225
2 0.6155034899711609 0 178 199 294
2 0.564515233039856 67 170 194 220
2 0.5243399143218994 532 160 592 195
2 0.5087302327156067 499 164 572 202
2 0.49864885210990906 0 182 111 363
2 0.45525580644607544 0 178 102 260
2 0.43218034505844116 226 176 336 219
0 0.4297964870929718 686 167 701 202
2 0.3775373697280884 1051 151 1236 254
2 0.33034372329711914 773 167 840 205
0 0.2543168067932129 691 171 705 201
