2 0.9251625537872314 788 193 967 304
2 0.8859943151473999 0 182 278 373
2 0.8796775937080383 732 177 833 250
2 0.8594694137573242 372 181 511 248
2 0.8561820387840271 595 184 657 236
2 0.8284996151924133 473 178 560 216
2 0.8139285445213318 125 180 417 318
2 0.7876900434494019 801 162 900 212
2 0.6939023733139038 604 176 647 213
2 0.6515147686004639 687 177 737 216
2 0.6494203805923462 87 172 217 229
0 0.5902597308158875 701 179 737 237
2 0.48246142268180847 793 171 932 248
2 0.45414501428604126 174 181 281 230
2 0.4102397561073303 276 176 354 214
2 0.37070873379707336 722 171 885 228
2 0.29191699624061584 546 169 599 199
2 0.2549665868282318 716 178 785 241
