2 0.915064811706543 591 175 658 239
2 0.8961582779884338 775 172 924 258
2 0.8937451839447021 331 178 438 241
2 0.872817873954773 5 193 174 281
2 0.8353688716888428 152 179 292 248
2 0.8337749242782593 698 175 823 233
2 0.776285707950592 485 177 542 207
2 0.5705945491790771 117 183 240 237
2 0.468951553106308 451 177 509 208
2 0.39688873291015625 395 177 447 208
2 0.3566243350505829 230 178 308 217
2 0.32338187098503113 589 170 616 194
2 0.3119177520275116 524 167 557 190
2 0.3063463270664215 418 176 492 206
2 0.2801029086112976 642 171 674 191
2 0.2507915198802948 2 198 91 265
2 0.250742644071579 694 175 753 202
