0 0.84038907289505 855 144 948 366
0 0.8375957012176514 991 117 1089 307
0 0.7748095989227295 624 159 652 228
0 0.7257730960845947 502 161 533 238
0 0.6587801575660706 62 242 233 373
0 0.6506642699241638 576 157 598 229
0 0.6416032314300537 4 226 126 374
0 0.6395898461341858 487 163 519 239
0 0.612432062625885 190 211 329 369
2 0.6055675148963928 541 166 568 191
0 0.5715221166610718 377 191 430 288
0 0.5481708645820618 264 211 372 350
0 0.4880777597427368 603 158 628 218
0 0.46007758378982544 649 160 673 223
0 0.3303599953651428 688 160 720 223
0 0.2985970675945282 475 160 505 237
0 0.2609540522098541 588 157 619 220
0 0.25175198912620544 177 202 249 331
