2 0.8896566033363342 428 167 537 251
2 0.8808960914611816 823 141 957 192
2 0.8760986328125 873 148 1242 312
2 0.8680233359336853 348 178 453 249
2 0.7568479776382446 655 166 704 199
2 0.7337194085121155 939 135 1035 181
2 0.6914631128311157 601 168 631 194
2 0.5016031265258789 1030 163 1101 196
2 0.40579405426979065 1159 137 1241 182
2 0.3758411109447479 1140 142 1242 220
2 0.3588177561759949 908 133 993 177
2 0.29891878366470337 493 171 548 220
1 0.2675880491733551 507 169 544 230
2 0.25580817461013794 1062 150 1158 194
2 0.25280651450157166 1105 138 1208 181
