2 0.7451220154762268 295 161 363 201
2 0.7441856265068054 352 161 430 196
2 0.6527823209762573 576 159 636 190
2 0.635640025138855 1105 153 1142 173
2 0.6176795959472656 525 156 594 196
2 0.6127327680587769 722 163 778 186
2 0.598344624042511 613 159 672 189
2 0.5887209177017212 761 156 809 183
2 0.4722609519958496 640 160 701 188
2 0.3588036596775055 251 162 303 203
2 0.3488795757293701 692 163 750 188
2 0.31840965151786804 802 157 858 182
2 0.26646700501441956 667 164 712 189
2 0.26203200221061707 551 157 612 192
2 0.25647130608558655 824 160 867 180
