3 0.879987895488739 662 132 716 200
2 0.8796223998069763 849 169 1007 243
2 0.8764623403549194 259 189 372 263
2 0.8648226857185364 113 162 286 265
2 0.8611747622489929 938 160 1107 244
2 0.844426155090332 503 172 561 220
2 0.8237054944038391 724 149 766 193
2 0.8225067853927612 590 157 682 252
2 0.7208581566810608 1093 167 1227 240
2 0.6697803139686584 0 194 43 264
2 0.6654366850852966 1027 168 1184 242
2 0.6147595047950745 309 188 412 247
2 0.5339665412902832 29 208 136 261
2 0.41575562953948975 668 157 717 201
2 0.3807697892189026 1171 135 1242 251
