2 0.8204395174980164 282 159 372 197
2 0.6947104930877686 715 153 766 182
2 0.6609283089637756 516 157 575 192
2 0.6481760144233704 218 162 291 201
2 0.614736020565033 562 158 628 187
2 0.6093756556510925 481 156 556 195
2 0.5670574307441711 781 157 835 180
2 0.5660105347633362 823 147 877 182
2 0.5593124628067017 166 163 229 207
2 0.5405855774879456 756 153 820 181
2 0.5376768112182617 632 161 687 187
2 0.5360915660858154 593 157 661 187
2 0.49238914251327515 678 159 734 186
0 0.4400496482849121 170 160 196 208
2 0.35334861278533936 327 163 394 193
2 0.3204203248023987 855 160 906 182
2 0.30493444204330444 1046 149 1083 171
2 0.26018333435058594 537 157 605 189
