3 0.8880690336227417 613 139 672 199
2 0.8836181163787842 1006 156 1168 253
2 0.8723993301391602 922 162 1057 238
2 0.8587628602981567 425 175 526 238
2 0.8539150357246399 67 183 416 366
2 0.8411431908607483 473 162 555 222
2 0.7885536551475525 1177 152 1242 264
2 0.7525728344917297 1 220 162 374
2 0.7382979393005371 871 162 1001 224
2 0.7376902103424072 710 178 820 265
2 0.7187033295631409 730 157 842 205
2 0.6925814151763916 686 181 770 238
2 0.4543244242668152 802 167 911 212
2 0.3528923988342285 522 172 571 207
