0 0.823716402053833 807 148 875 324
0 0.8214128017425537 919 144 1008 340
0 0.8024415373802185 1011 141 1090 337
0 0.7899205088615417 722 146 787 321
0 0.7843636274337769 504 149 563 321
2 0.7814475893974304 0 0 262 370
0 0.777829647064209 559 150 613 298
0 0.7507850527763367 648 140 704 290
0 0.720094621181488 1108 167 1224 360
0 0.6725451946258545 891 161 921 238
0 0.6043808460235596 495 143 519 219
0 0.5100548267364502 586 144 637 288
0 0.3184383809566498 576 140 687 293
0 0.3066464960575104 302 143 340 225
0 0.26108258962631226 262 143 302 237
