2 0.9297472238540649 293 184 439 296
2 0.9141526222229004 34 207 353 373
2 0.9061668515205383 769 179 1068 371
2 0.8839325308799744 394 187 498 260
2 0.8352315425872803 695 187 796 258
2 0.7672438025474548 507 187 544 209
2 0.7004243731498718 675 183 745 240
2 0.6677932739257812 644 150 714 226
2 0.6488335728645325 975 204 1242 375
3 0.5564115643501282 643 148 714 224
2 0.5311080813407898 585 185 612 203
2 0.3806195557117462 987 0 1242 375
2 0.3586459755897522 611 184 639 204
2 0.34203270077705383 596 185 627 203
