2 0.7930971384048462 321 159 401 198
2 0.731743574142456 247 159 332 202
2 0.6879504919052124 740 156 788 183
2 0.6797437071800232 693 155 754 187
2 0.6607037782669067 577 157 642 190
2 0.5822836756706238 800 155 846 180
2 0.5596033334732056 622 158 688 188
2 0.5289312601089478 771 157 828 180
2 0.5275726914405823 537 158 600 191
2 0.5181819796562195 208 153 262 205
0 0.35320010781288147 212 153 256 205
2 0.34436190128326416 859 156 907 180
2 0.3257679045200348 838 155 884 179
2 0.3128225803375244 657 161 711 187
2 0.2959985136985779 500 157 572 195
