2 0.9280102849006653 62 186 262 276
2 0.894355297088623 204 181 438 316
2 0.8658420443534851 677 183 767 245
2 0.855496883392334 420 181 498 235
2 0.8502175211906433 584 178 614 204
2 0.8096870183944702 491 182 531 211
2 0.7961615920066833 372 171 441 221
2 0.7897285223007202 627 180 660 204
2 0.4904124438762665 285 183 367 226
2 0.4781862795352936 524 178 552 202
2 0.45621663331985474 231 187 347 233
2 0.3801186680793762 451 178 500 212
2 0.3153930902481079 0 197 180 376
2 0.3084900379180908 553 186 575 201
2 0.25025370717048645 240 186 399 267
