2 0.9250805377960205 590 175 660 239
2 0.8921934962272644 262 179 401 258
2 0.8878936767578125 791 169 958 275
2 0.8872278928756714 708 174 832 237
2 0.8585864305496216 113 178 274 255
2 0.8428840637207031 0 197 133 292
2 0.798758327960968 581 168 613 195
2 0.7722842693328857 460 178 520 211
2 0.5173513293266296 77 187 184 240
2 0.513199508190155 653 170 681 190
2 0.3720134198665619 340 179 405 215
2 0.30519554018974304 683 172 715 189
2 0.2833179533481598 0 201 49 269
2 0.25283607840538025 389 175 435 197
