2 0.9029426574707031 401 178 591 294
3 0.8861234188079834 699 140 743 184
2 0.8795325756072998 740 169 789 209
2 0.8690430521965027 790 173 952 293
2 0.8583764433860779 830 182 1146 368
2 0.85318922996521 936 144 1087 222
2 0.8068404793739319 1048 139 1227 217
2 0.7688664197921753 544 174 620 219
2 0.5754401683807373 606 164 665 199
2 0.5036091804504395 1167 140 1242 214
2 0.39297160506248474 785 158 865 207
2 0.3374083638191223 866 162 972 208
2 0.29941636323928833 1207 140 1242 214
2 0.28973546624183655 1051 180 1242 375
