2 0.8841176629066467 829 164 1118 338
2 0.8769047856330872 36 172 373 369
2 0.836107075214386 700 162 775 215
2 0.8281922340393066 219 175 419 283
2 0.822405219078064 408 172 541 230
2 0.7981798648834229 597 172 652 220
2 0.7492234110832214 514 160 589 198
2 0.7024976015090942 0 171 141 358
2 0.6739252209663391 473 170 560 206
2 0.6197906136512756 845 159 968 208
0 0.5929849743843079 771 169 835 274
2 0.5764078497886658 383 167 471 212
2 0.5426728129386902 139 170 257 228
2 0.517489492893219 746 173 857 255
2 0.424832284450531 0 185 114 282
2 0.317484050989151 708 164 818 230
