2 0.8718465566635132 108 187 266 264
2 0.8230828046798706 700 116 889 300
2 0.8183333873748779 0 189 106 369
2 0.8164045214653015 283 184 433 250
2 0.8061957955360413 580 176 634 222
2 0.8045095801353455 84 181 204 235
2 0.7635519504547119 367 182 486 235
2 0.7341910004615784 466 176 570 223
2 0.7298697829246521 222 157 342 244
2 0.4768168032169342 660 178 727 225
2 0.395495742559433 511 177 581 213
1 0.3208048939704895 14 182 53 239
2 0.27856168150901794 673 177 761 235
2 0.2618962228298187 625 155 668 198
