2 0.9247142672538757 0 194 225 325
2 0.9004583954811096 530 177 602 237
2 0.8645182251930237 210 187 330 250
2 0.8287692070007324 327 185 389 222
2 0.8027212023735046 433 183 486 228
2 0.7782971262931824 190 170 280 219
2 0.7696027159690857 104 183 220 238
2 0.6355625987052917 500 182 525 202
2 0.6036944389343262 365 185 407 215
2 0.4939837157726288 402 174 436 209
2 0.41267484426498413 8 202 111 266
2 0.3886467218399048 282 187 329 212
2 0.2718394696712494 452 162 485 203
2 0.2628185451030731 123 176 299 230
