1 0.8195550441741943 721 149 830 275
1 0.8080053329467773 643 161 747 287
0 0.7987744808197021 988 142 1091 360
2 0.75746750831604 1044 184 1169 233
1 0.7458961009979248 406 156 436 223
0 0.7333035469055176 841 146 936 318
0 0.6837661266326904 204 152 226 207
0 0.6800533533096313 175 157 196 210
2 0.61656653881073 1109 181 1218 234
0 0.6158209443092346 939 143 1024 325
0 0.5869914293289185 817 145 887 324
0 0.573467493057251 381 158 398 214
0 0.3357190787792206 865 146 1007 321
2 0.26678815484046936 1185 171 1224 230
1 0.25080159306526184 990 143 1091 349
