2 0.9250243902206421 464 161 538 235
2 0.8934306502342224 847 116 1150 239
2 0.8765193819999695 663 173 758 222
2 0.8546388149261475 45 167 202 251
2 0.8428061604499817 1118 169 1242 367
2 0.7893860936164856 378 172 431 213
2 0.7843740582466125 181 188 305 245
2 0.7592054009437561 727 166 824 217
2 0.6743789911270142 568 150 605 189
2 0.5618972778320312 1118 123 1242 210
3 0.43221428990364075 513 130 563 195
2 0.31509721279144287 521 161 562 198
2 0.3147829473018646 756 166 883 215
2 0.2789515256881714 1185 115 1242 216
