2 0.9235830307006836 720 184 852 273
2 0.8779107928276062 901 198 1241 375
2 0.8432876467704773 678 177 772 246
2 0.840977132320404 533 180 570 211
2 0.8222346901893616 597 176 622 201
2 0.8090018630027771 648 177 699 216
2 0.7443984150886536 406 184 472 210
2 0.4135819971561432 316 181 389 209
0 0.3893572688102722 751 159 774 212
0 0.38501453399658203 736 156 757 208
2 0.377042680978775 670 172 728 228
0 0.35575780272483826 745 158 763 208
0 0.32311829924583435 701 165 777 242
0 0.27581787109375 762 156 784 205
