2 0.8998335599899292 594 177 657 229
2 0.8992642164230347 0 173 315 371
2 0.8805690407752991 835 191 1137 351
2 0.8577628135681152 294 173 485 267
2 0.7827388048171997 734 172 875 253
2 0.7773560881614685 451 172 560 215
2 0.7424255013465881 693 171 751 216
2 0.6882990598678589 817 156 923 201
0 0.6454609632492065 721 175 752 245
2 0.5771548748016357 186 181 311 230
2 0.572074294090271 602 171 646 210
2 0.529781699180603 400 176 526 233
2 0.5062023997306824 537 163 598 195
2 0.4612685441970825 2 169 127 243
2 0.41450658440589905 96 177 236 236
0 0.37607404589653015 728 174 777 244
2 0.36669430136680603 259 172 407 231
2 0.3541797995567322 168 180 262 222
2 0.33585429191589355 488 170 572 203
2 0.25039488077163696 37 172 246 266
