2 0.9211034774780273 588 173 677 256
2 0.8941831588745117 139 175 279 245
2 0.8861879706382751 739 165 926 256
2 0.8621747493743896 270 183 368 227
2 0.8567745089530945 883 97 1232 375
2 0.8460733890533447 1 177 147 277
2 0.7782847881317139 678 168 758 204
2 0.743259847164154 406 175 467 204
2 0.7122167944908142 479 172 513 192
2 0.6486220955848694 1142 154 1239 240
2 0.5935092568397522 55 177 175 236
2 0.5590870380401611 518 173 552 190
2 0.5581007599830627 660 169 716 193
2 0.4842672049999237 440 174 480 197
2 0.4215444028377533 0 176 66 249
2 0.37625956535339355 327 175 379 202
