2 0.9065343141555786 674 184 770 261
2 0.883327305316925 545 181 592 221
3 0.878253161907196 845 0 1242 373
2 0.8713003993034363 51 206 473 375
3 0.860734760761261 613 131 677 217
2 0.7578363418579102 326 181 468 252
2 0.7207716703414917 413 180 518 220
2 0.6974173188209534 94 187 306 292
2 0.6913361549377441 638 184 701 230
2 0.6825000047683716 12 185 168 251
2 0.47845861315727234 463 176 529 209
2 0.42291393876075745 292 187 411 246
2 0.31018099188804626 648 184 733 243
2 0.2695253789424896 1 187 94 260
