2 0.9534163475036621 104 189 311 296
2 0.8888447880744934 906 167 1201 362
2 0.8673613667488098 592 171 637 215
2 0.8468562364578247 694 168 830 226
2 0.844444990158081 467 177 505 203
2 0.833393394947052 794 167 1033 289
2 0.791691243648529 417 174 462 199
2 0.7049331665039062 660 169 742 207
2 0.6397782564163208 1178 158 1241 370
2 0.5703876614570618 547 161 575 187
2 0.5305562019348145 639 167 718 198
2 0.5038690567016602 1124 157 1239 220
2 0.4916432201862335 394 176 428 196
2 0.45529940724372864 515 169 541 188
2 0.2683149576187134 633 165 680 194
