2 0.8923664093017578 716 174 868 281
2 0.8748558759689331 3 199 286 373
0 0.8541129231452942 899 150 944 257
2 0.8515426516532898 657 162 730 223
2 0.8390470147132874 674 164 768 244
1 0.8106247782707214 248 168 380 346
2 0.808016300201416 526 168 553 191
2 0.7664370536804199 453 173 504 213
1 0.7530524730682373 415 169 458 259
2 0.62526935338974 285 183 407 265
0 0.42865830659866333 626 164 640 194
2 0.3748995363712311 353 180 446 242
0 0.29689571261405945 421 167 456 241
2 0.28477030992507935 248 173 390 332
