2 0.8787089586257935 187 178 395 294
2 0.8539717793464661 671 181 727 218
2 0.8328938484191895 336 177 469 240
2 0.8281955122947693 11 184 336 371
2 0.8265445828437805 573 176 628 219
2 0.8251052498817444 768 186 970 313
2 0.7964265942573547 644 159 684 201
2 0.7817388772964478 871 0 1242 375
2 0.7541999816894531 414 176 520 221
2 0.46613839268684387 468 170 546 204
2 0.45621228218078613 0 167 121 256
2 0.3568452000617981 199 174 307 220
2 0.34000635147094727 0 169 141 354
2 0.2635990381240845 502 172 564 199
