0 0.8512406945228577 685 149 738 295
0 0.8215336203575134 1122 158 1223 363
0 0.8198972940444946 740 142 796 292
0 0.7933406829833984 497 156 579 360
0 0.7688734531402588 790 164 902 370
0 0.7537329196929932 571 146 633 315
2 0.747508704662323 0 0 274 370
0 0.7149475812911987 970 139 1087 370
0 0.6900734305381775 856 140 1061 369
0 0.6368630528450012 243 137 287 257
0 0.5444645285606384 637 145 658 201
0 0.5102306008338928 818 139 860 239
0 0.48044294118881226 855 132 971 309
0 0.4361793100833893 529 157 602 319
0 0.2897113561630249 799 138 889 291
0 0.2890450954437256 610 147 640 206
