3 0.8768516182899475 613 134 675 213
2 0.8715507984161377 676 183 786 271
2 0.8635798692703247 543 181 589 220
2 0.8338947296142578 4 213 431 375
2 0.7917738556861877 640 181 710 235
2 0.7302395105361938 411 179 515 220
2 0.7222405076026917 205 185 289 223
2 0.7032330632209778 345 179 462 231
2 0.6692100167274475 1 188 251 338
2 0.624353289604187 290 184 434 243
3 0.6151881814002991 935 0 1242 375
2 0.6062381863594055 616 187 653 216
2 0.6045876145362854 446 173 525 210
2 0.4485868215560913 0 188 107 282
2 0.4446696639060974 238 184 341 223
3 0.39411598443984985 614 168 661 213
