2 0.8795524835586548 841 117 1127 233
2 0.858822762966156 1027 134 1242 371
2 0.8544175028800964 225 186 315 242
2 0.8430131673812866 667 170 770 218
2 0.8397666811943054 95 164 217 247
2 0.7713668942451477 731 163 828 215
2 0.7684884071350098 577 149 616 195
2 0.7179834842681885 483 161 549 227
3 0.6816909313201904 518 124 573 198
2 0.47385498881340027 403 171 450 210
2 0.44768476486206055 11 197 105 249
2 0.3504149913787842 0 199 30 252
2 0.3393332362174988 102 178 324 239
2 0.33734822273254395 1107 127 1242 207
2 0.3151117265224457 1190 121 1240 178
3 0.2977932393550873 484 157 549 228
2 0.2515338361263275 256 183 331 229
