2 0.8752307295799255 770 186 918 284
2 0.871231198310852 592 180 656 233
2 0.8617909550666809 385 173 522 243
2 0.8499805927276611 51 187 344 352
2 0.8332143425941467 717 173 815 240
2 0.8004332184791565 182 181 436 297
2 0.7971708178520203 481 174 562 209
2 0.749923586845398 0 177 120 370
2 0.6724294424057007 121 170 241 225
2 0.5667635798454285 1033 66 1238 372
2 0.5587101578712463 794 157 887 203
2 0.5165897011756897 684 175 732 213
2 0.3279258906841278 692 175 765 218
2 0.32764923572540283 604 174 644 209
2 0.2991204857826233 513 173 574 201
2 0.289262592792511 284 187 441 270
2 0.2876055836677551 201 177 306 223
2 0.2855144143104553 0 176 74 251
