1 0.8327996134757996 552 158 598 237
1 0.8125344514846802 502 162 538 236
0 0.7996647953987122 988 145 1136 369
0 0.7489393353462219 212 147 235 203
0 0.7415518164634705 126 154 156 230
2 0.7378228306770325 958 181 1067 231
2 0.7276882529258728 1087 183 1213 231
0 0.7094355225563049 245 147 270 205
0 0.7039514780044556 711 147 777 310
0 0.6844050288200378 645 155 714 280
0 0.5963820219039917 626 149 679 284
2 0.466840922832489 1185 172 1224 239
2 0.3942105174064636 598 171 637 206
0 0.3641095757484436 184 147 199 196
2 0.3135600686073303 1042 175 1140 227
