2 0.9097777009010315 755 184 876 267
2 0.8732591271400452 593 179 655 233
2 0.8683247566223145 143 179 390 313
2 0.8605650067329407 0 178 252 366
2 0.8337350487709045 711 172 794 234
2 0.8285505175590515 252 181 466 275
2 0.811810314655304 927 110 1238 367
2 0.8056713342666626 394 172 523 235
2 0.7498376965522766 482 174 564 210
2 0.6977245807647705 148 168 257 221
2 0.6659462451934814 793 158 873 199
2 0.5079300403594971 601 172 645 210
2 0.446083664894104 0 154 66 248
2 0.42456358671188354 691 171 740 224
0 0.41072773933410645 690 170 720 222
2 0.35620471835136414 3 162 179 251
2 0.317730575799942 514 169 575 200
2 0.26059186458587646 536 166 594 196
