2 0.788101077079773 325 160 394 199
2 0.7333686947822571 622 158 689 187
2 0.7118092775344849 389 161 457 194
2 0.6591193675994873 786 156 832 183
2 0.6501050591468811 659 156 728 188
2 0.5840034484863281 740 160 797 187
2 0.5289244055747986 582 157 645 190
2 0.47947824001312256 1134 152 1175 175
2 0.44492191076278687 561 166 624 195
2 0.43010541796684265 542 173 598 195
2 0.3941115140914917 821 158 876 182
2 0.3271561563014984 299 157 336 201
2 0.32701921463012695 888 155 940 181
2 0.3097970187664032 917 160 966 181
0 0.3077262341976166 305 159 338 201
2 0.2777223587036133 418 152 491 188
2 0.2652946412563324 716 163 768 187
