2 0.8874719142913818 686 172 740 214
2 0.8811838030815125 90 172 499 366
3 0.8770115971565247 639 140 688 187
2 0.8653074502944946 798 173 1191 371
2 0.8497392535209656 1091 134 1242 235
2 0.7640998363494873 935 132 1151 223
2 0.7606135010719299 472 176 550 227
2 0.7478061318397522 831 162 945 214
2 0.7329402565956116 400 178 519 249
2 0.6307507157325745 530 171 581 209
2 0.517369270324707 547 160 602 200
2 0.4354691505432129 730 158 811 191
2 0.42730045318603516 1084 182 1242 367
2 0.40019387006759644 799 163 899 204
