2 0.8990973830223083 933 163 1242 373
2 0.8990119695663452 575 173 728 317
2 0.8939765095710754 0 183 79 288
2 0.8786787986755371 109 190 269 257
2 0.7716267704963684 248 176 329 214
2 0.7684440016746521 708 169 828 219
2 0.7249030470848083 362 179 437 212
2 0.6711981892585754 676 171 771 214
2 0.6495737433433533 513 175 547 192
2 0.6430956125259399 408 177 455 205
2 0.5913131237030029 462 176 503 195
2 0.3988510072231293 585 169 617 190
2 0.3458174169063568 658 171 725 201
2 0.27668654918670654 582 176 618 200
