2 0.93161541223526 790 167 1028 307
2 0.89051753282547 596 177 657 228
2 0.8537492752075195 141 168 427 357
2 0.8177186846733093 276 180 446 269
2 0.7913303971290588 1030 215 1242 375
2 0.7856683731079102 417 170 546 226
2 0.7812023758888245 714 176 784 225
2 0.7618108987808228 0 185 188 280
0 0.7075340151786804 760 176 799 270
2 0.678663432598114 495 169 570 203
2 0.6393416523933411 824 155 961 212
2 0.6342904567718506 703 167 764 214
2 0.59377121925354 166 170 287 226
2 0.5293301939964294 746 177 853 257
2 0.49550920724868774 544 159 601 190
2 0.4259292185306549 738 178 807 244
2 0.3702593743801117 739 170 921 237
2 0.33290910720825195 744 167 818 214
0 0.32753613591194153 699 169 716 207
2 0.2660934031009674 2 180 108 254
