2 0.9116538763046265 590 178 658 243
2 0.8874520659446716 752 173 898 251
2 0.8748618364334106 0 193 167 371
2 0.8730041980743408 381 179 469 232
2 0.8430905342102051 187 179 309 246
2 0.8407555818557739 689 177 790 231
2 0.8162333369255066 506 177 550 205
2 0.8036595582962036 341 181 411 220
2 0.7888723015785217 1138 167 1242 370
2 0.7683318853378296 68 191 215 262
2 0.7171263098716736 456 179 509 208
2 0.4516277015209198 157 180 253 227
2 0.4013074040412903 639 167 668 196
2 0.3272576332092285 440 179 487 209
