2 0.8946965336799622 929 198 1242 371
2 0.8814967274665833 266 168 356 223
2 0.847194492816925 875 146 1088 326
2 0.8141190409660339 357 180 429 223
2 0.8092767000198364 99 184 218 228
2 0.802405059337616 1111 130 1238 202
2 0.7910073399543762 0 185 72 229
2 0.7694478631019592 829 128 1018 215
2 0.7250542044639587 727 167 833 209
2 0.7133781909942627 554 161 607 214
2 0.638316810131073 633 155 661 186
2 0.5859633684158325 718 172 786 209
2 0.5104681253433228 479 171 520 201
3 0.45017194747924805 1113 130 1240 203
2 0.3497041165828705 573 159 622 197
