2 0.901416540145874 787 179 963 284
2 0.8945854306221008 732 152 849 241
2 0.8892096877098083 590 167 650 217
2 0.8847585916519165 888 179 1242 373
2 0.8658463954925537 1 170 121 295
2 0.8634618520736694 205 170 446 291
2 0.8259214758872986 74 166 260 248
2 0.8084020018577576 892 135 1086 215
2 0.7060180306434631 387 164 514 222
2 0.6804565191268921 495 151 573 190
2 0.5735218524932861 468 159 553 199
2 0.5691078305244446 323 160 397 209
2 0.5379354357719421 804 155 898 212
0 0.45842278003692627 697 159 718 209
2 0.3626481592655182 179 169 336 239
