1 0.8371819853782654 585 161 654 273
1 0.8305082321166992 646 151 714 263
2 0.8060240745544434 960 180 1069 230
0 0.7972254157066345 738 148 801 298
2 0.7736301422119141 1048 184 1163 231
0 0.762479305267334 220 146 246 209
0 0.7573307752609253 862 136 953 338
0 0.7413043975830078 785 147 841 293
1 0.71901535987854 438 156 468 214
0 0.6195979714393616 34 140 76 242
2 0.6175899505615234 1106 181 1218 234
0 0.6014318466186523 186 143 206 199
1 0.5831188559532166 34 139 76 246
1 0.3371773064136505 866 136 961 338
0 0.31865164637565613 646 155 716 260
0 0.27487704157829285 381 161 395 216
