2 0.9025256037712097 851 158 1242 370
2 0.8995060324668884 689 181 768 242
2 0.8404325246810913 0 150 226 341
2 0.8173556923866272 634 173 662 196
2 0.8032447695732117 744 170 864 222
2 0.7914481163024902 263 173 450 249
2 0.7689597606658936 176 185 408 266
2 0.7416518926620483 87 189 311 281
2 0.7142608761787415 362 172 481 225
2 0.7109429240226746 427 164 518 204
2 0.42624834179878235 694 170 753 213
1 0.3747310936450958 568 172 581 196
2 0.36703553795814514 0 194 121 374
1 0.2545650899410248 561 171 578 199
