2 0.8904995918273926 709 142 827 248
2 0.852794349193573 35 166 218 239
1 0.8424442410469055 1088 171 1242 333
0 0.8033198118209839 352 154 402 293
2 0.803280234336853 234 157 349 219
2 0.799907386302948 584 172 656 231
2 0.7780666351318359 344 164 494 226
2 0.7316874265670776 680 168 737 210
2 0.7149000763893127 589 165 641 211
2 0.6763308644294739 460 166 552 206
2 0.6324172019958496 403 172 513 221
2 0.5905227661132812 501 164 568 195
2 0.3037692606449127 609 171 657 208
2 0.26927465200424194 664 165 714 202
