2 0.8532649278640747 846 181 1020 243
2 0.8279600143432617 1040 184 1156 234
2 0.8127457499504089 545 170 590 208
0 0.8050968050956726 345 156 400 269
0 0.7827279567718506 118 155 149 232
0 0.7802687287330627 283 158 312 224
2 0.7765452861785889 973 183 1068 233
0 0.6856738328933716 235 153 256 204
0 0.6625731587409973 194 150 217 204
0 0.6364373564720154 161 154 180 208
2 0.5917880535125732 1101 180 1215 235
2 0.5478470325469971 599 170 637 203
0 0.4888525903224945 260 154 277 206
2 0.4294489920139313 1186 168 1224 233
0 0.42300862073898315 139 151 173 222
0 0.26844874024391174 221 152 248 206
