2 0.8764632344245911 761 189 999 350
2 0.8646200299263 91 178 317 313
2 0.8589910864830017 289 179 429 242
2 0.848642110824585 589 175 642 217
2 0.8404945135116577 0 191 166 372
3 0.8079192638397217 689 86 834 236
2 0.8038842082023621 475 183 565 243
2 0.7960215210914612 653 175 693 208
0 0.7138914465904236 856 162 898 260
2 0.6942068934440613 498 172 575 223
2 0.6561404466629028 414 174 512 213
2 0.5769382119178772 97 177 234 246
3 0.5209375619888306 632 140 679 196
2 0.516992449760437 377 173 462 211
