0 0.8589929938316345 763 160 837 338
0 0.8436139225959778 707 172 771 350
0 0.7901277542114258 278 135 318 251
2 0.7671311497688293 0 0 271 368
0 0.7444413900375366 537 134 577 242
0 0.7305610775947571 621 140 653 222
0 0.7078334093093872 587 138 626 234
0 0.6834478378295898 514 132 554 243
0 0.62961345911026 503 139 524 203
0 0.49888864159584045 458 145 481 204
0 0.40651974081993103 639 140 664 205
0 0.40315601229667664 468 144 492 203
0 0.38088470697402954 490 142 511 200
1 0.3689003586769104 408 144 453 211
0 0.2552809715270996 389 140 418 207
