2 0.8922274112701416 82 187 373 349
2 0.8617638349533081 586 187 640 231
0 0.8438225984573364 848 183 897 300
2 0.8339602947235107 398 152 536 233
2 0.8124697208404541 0 169 141 246
2 0.7716401815414429 249 188 429 282
2 0.7329626083374023 492 177 568 214
2 0.6771069765090942 636 175 673 206
2 0.42464810609817505 358 185 490 245
0 0.3848787844181061 193 179 226 237
0 0.3707372546195984 181 181 212 239
2 0.3084825277328491 252 185 354 243
2 0.302205353975296 1074 182 1108 213
2 0.25799575448036194 120 186 230 242
