2 0.8830077052116394 887 155 1239 369
2 0.881770670413971 696 182 777 249
2 0.8676165342330933 635 174 661 198
2 0.8150678873062134 0 146 166 363
2 0.8023108243942261 757 173 884 224
2 0.8021925091743469 167 183 406 269
2 0.7245859503746033 256 179 443 254
2 0.6833475828170776 21 192 277 300
2 0.639928936958313 691 169 750 213
2 0.6379380226135254 359 172 484 227
2 0.5506710410118103 423 169 523 210
1 0.5239021182060242 570 170 584 199
2 0.3739790916442871 683 179 853 237
2 0.2822553217411041 461 173 544 203
2 0.25501179695129395 2 213 100 374
