2 0.8798454403877258 99 179 414 364
2 0.8720012903213501 354 182 487 264
2 0.8404780030250549 586 179 615 203
2 0.8377056121826172 640 180 674 206
2 0.8290819525718689 694 184 798 258
2 0.8268115520477295 458 179 517 220
2 0.8013466000556946 0 190 142 313
2 0.6653041839599609 351 179 411 215
2 0.652712881565094 504 181 541 208
2 0.6050387024879456 410 174 467 209
2 0.5794969201087952 133 185 282 254
2 0.41848647594451904 162 178 377 283
2 0.3098495900630951 414 181 485 226
2 0.2803042232990265 207 184 332 243
2 0.26461470127105713 0 188 48 286
