2 0.9402759671211243 726 173 910 309
2 0.8913677334785461 818 211 1242 370
2 0.8830969333648682 268 190 479 342
3 0.8512112498283386 625 130 687 201
2 0.843508780002594 636 180 687 217
2 0.8214990496635437 4 256 397 375
2 0.8178943991661072 562 178 617 223
2 0.8056304454803467 391 184 508 270
2 0.8054736852645874 0 189 75 249
2 0.7159179449081421 520 176 562 207
2 0.6527114510536194 225 183 385 279
2 0.619541347026825 161 182 253 223
2 0.5501595139503479 388 176 468 220
0 0.3240504264831543 684 155 710 205
3 0.3144078552722931 619 151 662 194
2 0.2980740964412689 599 173 629 199
0 0.2842438519001007 699 164 712 204
2 0.27769818902015686 611 167 649 196
2 0.2622700333595276 432 175 497 212
