2 0.8267967104911804 1037 184 1157 235
2 0.7866026759147644 962 180 1067 230
0 0.7582536935806274 833 158 894 286
0 0.7542263269424438 285 156 314 228
0 0.7496871948242188 480 155 537 259
1 0.7427914142608643 0 167 171 370
0 0.7230152487754822 324 159 358 227
0 0.7174447178840637 245 158 270 220
0 0.7087127566337585 782 154 854 287
0 0.6984114646911621 212 153 238 219
0 0.6466153860092163 380 163 394 214
2 0.5631174445152283 1106 184 1210 229
2 0.4988729655742645 597 170 635 205
2 0.3371588885784149 1182 176 1223 238
0 0.32849836349487305 308 156 345 223
1 0.32520443201065063 597 168 635 203
