2 0.90594482421875 204 183 365 272
2 0.8804539442062378 684 179 773 250
2 0.8723483085632324 366 199 523 298
2 0.844692051410675 579 181 638 229
2 0.8284332752227783 0 197 140 370
2 0.8271147012710571 773 168 1172 367
2 0.8094540238380432 710 191 862 295
2 0.7770336270332336 637 180 676 212
2 0.7247123718261719 434 184 547 254
2 0.7032261490821838 139 178 244 223
0 0.6310583353042603 968 174 1167 372
3 0.5375087261199951 631 151 677 206
2 0.527662456035614 367 181 466 232
3 0.3605121076107025 634 176 674 213
2 0.360281378030777 531 179 578 204
2 0.3032380938529968 605 176 644 211
2 0.29250550270080566 479 181 552 234
2 0.2626650035381317 513 178 564 208
