2 0.8850840926170349 680 180 821 283
2 0.8596106767654419 539 182 587 220
3 0.8455599546432495 612 129 683 213
2 0.8391583561897278 182 185 272 224
2 0.8391291499137878 645 182 716 236
2 0.7276546359062195 332 179 450 235
2 0.7007525563240051 409 180 506 221
2 0.6409643888473511 0 192 379 375
2 0.6294993758201599 280 185 420 240
2 0.5073357224464417 620 190 663 220
2 0.44794806838035583 444 175 521 210
2 0.2935149073600769 2 188 213 346
3 0.2699921429157257 612 171 672 216
2 0.2676602602005005 238 184 328 223
