2 0.9457001090049744 734 173 921 303
2 0.8826047778129578 662 162 738 227
2 0.8506121635437012 189 189 380 294
2 0.8341091871261597 686 162 793 253
0 0.8018784523010254 942 143 997 269
2 0.7739303112030029 525 169 553 192
2 0.7705234289169312 448 175 504 214
1 0.7564442157745361 376 160 435 283
1 0.6647782921791077 88 184 307 375
2 0.6406921744346619 393 174 471 231
0 0.4018614590167999 631 163 645 197
0 0.370332270860672 773 149 784 199
2 0.36063069105148315 6 205 236 373
1 0.3141060769557953 7 202 231 375
2 0.3077354431152344 374 168 443 268
