2 0.8944498300552368 709 164 788 225
2 0.8939349055290222 898 163 1242 370
2 0.8755602240562439 595 176 658 227
2 0.873702347278595 365 176 524 247
2 0.8693482875823975 740 180 838 244
2 0.8670834302902222 22 182 333 365
2 0.8199585676193237 777 184 949 281
2 0.7272022366523743 458 171 550 211
2 0.7107062339782715 865 148 1002 206
2 0.6171531081199646 319 172 434 225
2 0.6165061593055725 0 177 197 292
0 0.6076518893241882 845 183 931 337
2 0.5920856595039368 516 159 586 197
2 0.5799937844276428 209 176 316 220
2 0.5518403649330139 146 176 282 229
2 0.5092178583145142 599 169 646 210
2 0.48145297169685364 0 190 135 366
2 0.4492974579334259 65 170 192 219
0 0.44219502806663513 685 167 700 203
2 0.42952966690063477 1056 149 1238 264
2 0.3877421021461487 0 175 106 260
2 0.27866238355636597 549 161 595 194
