2 0.9423291683197021 785 167 991 283
2 0.93292635679245 605 172 675 238
2 0.8717824816703796 0 183 82 296
2 0.8713073134422302 213 183 400 273
2 0.8477370142936707 55 184 183 233
2 0.7880582809448242 428 178 484 210
2 0.7856154441833496 534 175 577 203
2 0.7517344355583191 1122 169 1242 369
2 0.6161717772483826 215 183 322 240
2 0.5719214081764221 652 170 691 196
2 0.30258944630622864 664 173 702 193
2 0.2790139615535736 716 166 750 187
2 0.2759402096271515 202 201 286 239
2 0.2740485966205597 409 183 463 211
