2 0.8923665285110474 787 195 968 306
2 0.8824455142021179 732 177 833 249
2 0.8666868209838867 1 184 275 374
2 0.8625729084014893 372 181 512 250
2 0.8608688116073608 593 183 659 237
2 0.8497143387794495 151 179 416 313
2 0.80023193359375 468 178 558 219
2 0.7750333547592163 800 163 901 212
2 0.5907986164093018 604 176 647 218
2 0.5788735151290894 688 178 730 216
0 0.5767019391059875 704 181 735 237
2 0.5455734729766846 82 174 217 231
0 0.4768476188182831 718 181 747 238
2 0.4329231083393097 278 176 355 215
2 0.34013286232948303 178 180 285 230
2 0.2836506962776184 0 180 158 326
