3 0.9263513088226318 702 0 1242 375
2 0.8855881690979004 163 198 474 372
3 0.882916271686554 609 130 665 200
2 0.874061644077301 393 180 524 289
2 0.8479183316230774 555 173 605 215
2 0.841448187828064 158 176 258 220
2 0.8379873633384705 0 196 138 367
2 0.8117005228996277 276 172 404 246
2 0.7789954543113708 647 174 714 224
2 0.6459651589393616 478 168 535 202
2 0.5641928911209106 631 175 682 211
2 0.45788833498954773 379 172 471 216
2 0.3735174238681793 616 155 675 209
3 0.330426424741745 619 154 673 211
2 0.3035240173339844 612 171 647 201
