0 0.8385287523269653 859 140 949 369
0 0.7436156868934631 625 159 652 230
0 0.6990952491760254 502 161 533 238
0 0.6389284133911133 3 230 134 373
0 0.6198659539222717 196 213 328 370
0 0.6089170575141907 488 163 518 239
0 0.5589610934257507 76 242 245 371
0 0.5341659188270569 372 194 428 294
0 0.4766499698162079 576 158 597 226
0 0.4545743763446808 615 158 642 223
0 0.4283514618873596 261 210 374 361
0 0.39642614126205444 603 160 624 218
0 0.3647274672985077 647 160 674 227
2 0.35200798511505127 541 166 568 191
