2 0.917625904083252 591 174 658 239
2 0.8935673236846924 331 178 437 242
2 0.8839609026908875 773 172 927 260
2 0.855284571647644 7 193 174 279
2 0.851050615310669 154 181 293 248
2 0.8310742974281311 696 172 822 232
2 0.8177300095558167 488 177 542 206
2 0.7403197288513184 453 178 515 209
2 0.6064887046813965 112 183 227 237
2 0.48659366369247437 525 163 559 190
2 0.4467324912548065 394 177 448 210
2 0.3578895032405853 228 178 309 218
2 0.3028676211833954 695 175 751 202
2 0.29195237159729004 678 174 724 194
2 0.28339749574661255 421 175 499 207
2 0.2762799859046936 642 171 674 192
2 0.25653961300849915 5 196 100 256
