2 0.9444912672042847 595 179 660 241
2 0.938315212726593 837 166 1079 306
2 0.9277166724205017 169 190 307 250
2 0.9176986217498779 714 179 825 232
2 0.8933899402618408 352 182 449 240
2 0.8605969548225403 479 181 527 209
2 0.8393427729606628 679 180 778 217
2 0.8084620833396912 278 178 368 230
2 0.7807079553604126 555 177 584 199
2 0.6671140789985657 2 185 83 244
2 0.4335780739784241 425 178 472 199
2 0.386056512594223 405 179 454 205
2 0.3441120982170105 24 181 148 233
2 0.2982567250728607 658 173 687 193
