0 0.8415793776512146 723 142 784 329
0 0.8207018971443176 1007 136 1100 339
0 0.8103689551353455 806 143 878 325
0 0.7978153228759766 919 145 1011 341
0 0.796013355255127 503 143 566 323
0 0.7716451287269592 580 140 635 299
2 0.7233037352561951 0 0 261 370
0 0.7139886617660522 258 135 296 252
0 0.7068750858306885 1058 164 1224 368
0 0.6544156074523926 647 144 699 297
0 0.4890434741973877 553 146 606 306
0 0.38502320647239685 308 141 343 240
0 0.375711590051651 601 133 644 244
0 0.36300286650657654 887 159 921 246
0 0.26888900995254517 576 136 694 295
0 0.2655193507671356 664 141 712 256
