2 0.9357755780220032 46 177 361 372
2 0.9003234505653381 820 164 1119 338
2 0.8726932406425476 188 174 418 290
2 0.8615319132804871 596 175 662 227
2 0.8541004657745361 0 181 132 302
2 0.8473072052001953 411 173 537 227
2 0.820393979549408 841 151 980 206
2 0.8173474073410034 703 164 772 217
2 0.7612500786781311 724 175 802 231
2 0.7062410116195679 474 169 561 207
0 0.7008607387542725 774 172 825 283
2 0.5990806221961975 128 172 289 241
2 0.4434998333454132 606 172 648 205
0 0.377352237701416 680 166 694 196
2 0.36339685320854187 739 176 833 251
2 0.34349367022514343 525 159 586 191
