2 0.9179686903953552 404 173 589 294
2 0.8714947700500488 790 173 963 287
2 0.8584834337234497 740 170 788 208
2 0.8408046960830688 1038 137 1227 222
3 0.8261564373970032 699 142 745 185
2 0.8113650679588318 933 144 1084 221
2 0.788073718547821 556 176 618 218
2 0.774341881275177 821 188 1160 375
2 0.6938313841819763 788 158 876 194
2 0.5824897289276123 605 168 650 201
2 0.5437567830085754 0 173 32 223
2 0.4526197910308838 1164 133 1240 215
2 0.37102261185646057 1077 175 1242 375
2 0.37065625190734863 857 163 969 209
