2 0.8450123071670532 601 171 638 203
0 0.8216414451599121 205 146 227 213
2 0.8160457611083984 1092 183 1221 232
0 0.8113998174667358 177 151 199 211
0 0.7628543972969055 982 148 1078 351
0 0.7157630920410156 822 143 889 318
2 0.7114347815513611 1029 181 1159 230
0 0.6924224495887756 927 144 1018 329
0 0.6871767640113831 413 161 433 214
1 0.6868975162506104 638 156 753 294
0 0.66177898645401 849 150 929 315
0 0.4529478847980499 739 147 816 263
0 0.3635152578353882 3 150 36 261
1 0.32651907205581665 741 146 812 265
2 0.3055795431137085 968 167 1096 223
0 0.27368006110191345 174 153 226 210
