2 0.937652587890625 705 185 827 269
2 0.9135236740112305 263 184 445 300
2 0.8798239827156067 656 177 713 225
2 0.8783438801765442 33 177 254 279
2 0.8647661209106445 433 179 514 233
2 0.709465503692627 288 181 379 237
2 0.6800650358200073 493 182 535 217
2 0.6653891801834106 381 179 444 219
2 0.6135363578796387 45 181 170 238
2 0.5248468518257141 584 176 608 198
2 0.42121750116348267 323 168 391 221
2 0.39417141675949097 621 177 648 199
2 0.27003154158592224 116 176 226 229
2 0.26287850737571716 423 180 475 218
