2 0.9159997701644897 822 190 1237 375
2 0.9145922660827637 2 175 305 366
2 0.8989877104759216 683 178 744 223
2 0.898916482925415 644 155 684 201
2 0.8967397212982178 279 176 443 253
2 0.8855587244033813 574 174 630 221
2 0.8406621813774109 386 174 506 226
2 0.7570542097091675 1078 197 1241 374
2 0.6089211106300354 487 167 561 200
2 0.516521155834198 444 163 541 204
2 0.4678697884082794 0 187 98 274
2 0.46001002192497253 0 185 78 357
2 0.39326801896095276 115 171 270 235
2 0.35281142592430115 0 180 41 255
0 0.33188843727111816 773 163 791 216
