2 0.9056112170219421 671 181 789 271
2 0.9044563174247742 14 208 427 375
2 0.8940444588661194 546 181 592 220
3 0.8638639450073242 613 128 682 212
2 0.8552104830741882 642 182 707 234
2 0.784052312374115 282 183 446 252
2 0.7584368586540222 395 180 508 222
2 0.6897585391998291 5 186 261 318
2 0.61171954870224 617 186 659 217
2 0.5275147557258606 454 174 525 206
2 0.5241499543190002 0 188 108 273
2 0.504461407661438 356 181 463 227
2 0.31973889470100403 206 183 325 226
3 0.31889596581459045 917 0 1242 375
