2 0.9150020480155945 189 178 439 296
2 0.9055909514427185 39 181 347 350
2 0.9023574590682983 769 189 916 283
2 0.8954341411590576 380 176 520 243
2 0.8918412327766418 716 173 810 242
2 0.8401740193367004 593 181 654 233
2 0.8075810074806213 0 166 126 368
2 0.7920105457305908 1044 102 1242 371
2 0.7785200476646423 101 169 244 228
2 0.7683025598526001 600 173 648 213
2 0.7615717649459839 798 158 912 204
2 0.7073179483413696 478 174 562 211
0 0.5195264220237732 702 178 742 232
0 0.34156304597854614 694 175 725 217
2 0.29603418707847595 697 179 743 223
