0 0.8272752165794373 129 149 155 230
0 0.8172973990440369 213 152 233 209
1 0.8156633973121643 553 163 599 235
2 0.7951366305351257 958 181 1067 226
0 0.7892864942550659 245 150 268 207
1 0.785968005657196 503 166 541 237
0 0.7746836543083191 992 141 1114 358
2 0.7591232061386108 1090 182 1220 230
0 0.7248611450195312 720 150 792 308
0 0.7134605646133423 624 152 681 286
2 0.7087692618370056 599 171 637 203
2 0.6808993220329285 1060 185 1163 229
0 0.6333572864532471 650 151 710 280
2 0.33254706859588623 1000 178 1115 220
2 0.31797975301742554 967 165 1082 274
0 0.3055095672607422 968 165 1079 272
