2 0.9138082265853882 105 182 218 229
2 0.9136272072792053 871 146 1097 327
2 0.8994065523147583 933 194 1242 375
2 0.8845921754837036 268 163 354 223
2 0.8707078695297241 1106 133 1242 200
3 0.8680081963539124 581 133 623 194
2 0.8589983582496643 361 178 429 222
2 0.8544488549232483 556 162 605 214
2 0.8391628861427307 628 149 659 186
2 0.8041684031486511 832 132 1038 212
2 0.7912337183952332 480 166 520 201
2 0.7910612225532532 0 183 110 230
2 0.7343364953994751 707 171 777 208
2 0.6497259140014648 760 165 837 208
2 0.33222484588623047 908 101 1162 192
