2 0.8817949891090393 1029 184 1158 232
2 0.866425096988678 954 179 1070 229
0 0.8538796305656433 38 143 76 244
2 0.8376435041427612 1097 183 1220 231
0 0.7961133718490601 865 144 946 331
1 0.7879889607429504 640 154 724 267
0 0.7524662017822266 222 147 243 211
0 0.716568112373352 730 142 803 305
1 0.7073851823806763 582 161 660 276
0 0.6689813137054443 773 144 839 298
1 0.5257108211517334 442 160 466 209
0 0.4260290563106537 191 152 209 205
0 0.3106764853000641 636 152 722 264
2 0.277302622795105 594 174 639 203
0 0.2545432448387146 445 158 468 204
