2 0.923845648765564 764 189 998 344
2 0.9173193573951721 590 174 645 219
2 0.9157172441482544 78 177 318 315
3 0.9121322631835938 686 80 833 247
2 0.893476665019989 0 194 162 375
2 0.8893967866897583 472 185 558 248
2 0.8826406002044678 289 178 430 244
2 0.7345379590988159 391 173 495 213
2 0.7280564904212952 516 172 575 225
2 0.7067243456840515 655 174 692 208
0 0.6610285043716431 861 163 895 261
3 0.6444994211196899 631 138 677 194
0 0.41743233799934387 856 168 911 295
2 0.4152648448944092 206 180 332 229
2 0.2894522249698639 628 142 685 202
