0 0.8581565022468567 773 161 841 338
0 0.81269371509552 279 136 318 255
0 0.812674343585968 709 171 772 340
0 0.7769120931625366 623 138 655 229
0 0.7718002200126648 537 136 576 245
0 0.7498443722724915 471 135 495 207
2 0.7221462726593018 0 0 264 370
0 0.720185399055481 503 136 529 207
0 0.6908493638038635 406 139 431 214
0 0.6822202801704407 589 138 625 236
0 0.6562231183052063 396 138 420 213
0 0.5612776875495911 522 134 558 241
0 0.503079354763031 575 137 610 237
0 0.4634583294391632 638 135 667 208
0 0.3609354496002197 601 136 647 232
0 0.2513449788093567 430 137 454 212
