2 0.8902000188827515 15 186 283 304
2 0.8882334232330322 693 184 777 248
2 0.8809033036231995 148 185 378 273
2 0.8784500360488892 882 176 1242 375
2 0.8478201031684875 0 147 174 357
2 0.8160691261291504 748 173 881 224
2 0.8119349479675293 233 178 433 258
2 0.7347978353500366 308 178 459 239
2 0.7318048477172852 635 175 662 197
2 0.7191079258918762 416 161 513 212
2 0.6358779072761536 693 169 764 203
2 0.3970932960510254 363 174 482 226
2 0.3378000557422638 0 167 91 375
1 0.26766589283943176 566 174 577 196
1 0.2506222128868103 571 173 581 196
