2 0.9118149280548096 987 180 1239 351
2 0.9100120067596436 633 177 676 211
2 0.8904218673706055 874 181 1171 298
2 0.8859313130378723 0 182 284 311
2 0.870802640914917 741 168 893 231
2 0.846667468547821 189 158 415 255
1 0.8325688242912292 513 173 532 217
2 0.8144119381904602 782 179 989 257
2 0.7998722791671753 1126 188 1241 375
2 0.7675991654396057 385 178 496 216
2 0.5595947504043579 851 184 1060 269
2 0.4352581799030304 614 171 635 193
2 0.3996511995792389 607 166 626 185
2 0.36097171902656555 93 177 375 270
