2 0.9386918544769287 898 166 1242 374
2 0.9208693504333496 15 178 330 365
2 0.9027513861656189 710 163 792 226
2 0.8978222608566284 365 175 520 245
2 0.8825964331626892 865 150 1012 213
2 0.8679280281066895 738 177 845 245
2 0.8621615767478943 597 176 661 227
2 0.7771945595741272 449 170 552 211
2 0.7398375272750854 780 182 947 283
0 0.667788028717041 837 173 915 332
2 0.6087762713432312 0 178 195 293
2 0.588065505027771 314 170 440 230
0 0.5082560181617737 686 166 701 199
2 0.4954049289226532 604 171 647 206
2 0.4798068106174469 1043 137 1239 257
2 0.4757428765296936 0 176 98 369
2 0.4190194606781006 190 174 359 237
2 0.30219414830207825 503 167 575 200
2 0.284135639667511 136 174 318 259
2 0.28403255343437195 771 166 866 205
2 0.26845434308052063 266 175 398 229
