0 0.787163257598877 677 172 760 329
0 0.7124221920967102 559 173 581 233
0 0.6851892471313477 56 138 229 372
0 0.640826940536499 496 175 518 232
0 0.6012835502624512 600 170 622 230
0 0.5805220603942871 476 173 495 234
0 0.5732741951942444 923 133 977 275
0 0.5479053258895874 1123 132 1234 366
0 0.4865209460258484 311 200 408 338
0 0.46977344155311584 591 173 611 230
0 0.450907826423645 207 181 389 370
0 0.29023200273513794 481 174 511 232
0 0.2782836854457855 633 170 654 238
1 0.27077123522758484 188 187 398 369
