0 0.827741265296936 867 137 959 367
0 0.8176140785217285 993 117 1079 310
0 0.749361515045166 508 162 534 245
0 0.7472648620605469 629 157 653 227
0 0.7293956875801086 575 156 601 233
0 0.7040042281150818 697 157 716 214
0 0.6595621109008789 184 230 320 371
0 0.6110348105430603 482 165 508 244
0 0.605774998664856 42 239 243 374
0 0.5708502531051636 800 150 826 228
0 0.5515456199645996 4 223 152 370
2 0.4529547691345215 544 165 568 190
0 0.3528720438480377 663 157 683 220
0 0.3515014350414276 600 157 618 221
0 0.28400251269340515 375 196 437 287
0 0.27319738268852234 620 157 643 223
