2 0.9212366342544556 829 158 1116 338
2 0.858239471912384 18 173 366 370
2 0.8124849200248718 596 174 663 228
2 0.7629150152206421 760 169 890 254
2 0.6246476173400879 837 149 986 204
2 0.55389004945755 444 173 562 222
2 0.5467541813850403 378 171 519 227
2 0.5058311820030212 528 159 594 198
2 0.4368962049484253 258 174 447 282
2 0.41966161131858826 740 171 840 234
2 0.4172394871711731 316 172 469 241
2 0.39652106165885925 640 162 671 193
2 0.3644890785217285 606 169 652 208
2 0.2993496358394623 1 187 141 355
2 0.28902918100357056 588 168 638 203
2 0.2780730128288269 108 160 300 245
