2 0.9349704384803772 896 163 1242 374
2 0.9130966663360596 20 177 329 364
2 0.8338623046875 360 172 522 242
2 0.8165007829666138 597 173 658 227
2 0.7522201538085938 736 178 832 244
2 0.6571849584579468 883 153 1012 207
2 0.6494937539100647 460 168 554 209
0 0.6140868663787842 841 180 907 329
2 0.5773889422416687 715 171 786 226
2 0.5328613519668579 2 173 151 360
2 0.5290232300758362 501 164 576 198
2 0.43199002742767334 764 182 881 259
2 0.42696645855903625 518 155 587 190
2 0.4130581319332123 274 165 432 236
2 0.39589667320251465 63 172 206 235
2 0.3840009570121765 783 185 927 288
0 0.3705083131790161 873 181 941 333
2 0.3464949131011963 595 168 633 203
2 0.32881683111190796 0 174 183 263
2 0.3166603147983551 302 91 481 200
2 0.2983527183532715 424 172 535 222
2 0.2635855972766876 192 173 354 236
0 0.25161993503570557 708 174 737 216
