2 0.9383867979049683 752 185 881 268
2 0.9059730172157288 0 167 248 375
2 0.8860011100769043 138 181 386 314
2 0.8721207976341248 930 83 1239 375
2 0.8693488836288452 592 180 654 234
2 0.8632701635360718 713 170 795 234
2 0.8435195684432983 250 178 457 276
2 0.8282106518745422 393 175 524 233
2 0.7908033132553101 790 157 908 203
2 0.7533167004585266 599 172 649 212
2 0.6914423704147339 475 171 562 207
2 0.6070988178253174 128 168 264 231
2 0.3462367355823517 0 144 107 247
0 0.2673287093639374 689 167 723 211
2 0.2668220102787018 0 149 52 237
2 0.26058319211006165 683 167 726 206
