0 0.8529255390167236 774 160 842 339
0 0.8058455586433411 708 172 771 344
0 0.7898476123809814 279 137 318 256
0 0.7682011723518372 470 133 494 209
0 0.7317699193954468 623 136 657 231
0 0.7152315974235535 539 136 577 245
0 0.6898249983787537 519 134 558 248
2 0.6852781772613525 0 0 262 370
0 0.6325092315673828 590 137 625 236
0 0.6171390414237976 407 140 432 214
0 0.5187955498695374 395 139 420 212
0 0.5168969035148621 502 135 530 213
0 0.4635949730873108 577 137 611 238
0 0.4365827143192291 636 135 666 209
