0 0.8299984335899353 1011 135 1102 336
0 0.7973824739456177 803 141 880 333
0 0.7812293767929077 720 140 788 328
0 0.7798057198524475 504 145 568 323
0 0.7536777257919312 919 142 1013 351
2 0.7372881770133972 0 9 270 370
0 0.6641057729721069 656 132 713 282
0 0.6555878520011902 1070 160 1224 370
0 0.6216169595718384 551 147 608 305
0 0.604104220867157 588 131 643 262
0 0.5478577613830566 239 116 290 275
0 0.4970058500766754 410 165 471 333
0 0.373188853263855 636 143 694 321
0 0.2620648145675659 500 145 525 217
