0 0.6966121196746826 835 164 871 260
0 0.6907400488853455 597 165 619 225
0 0.6862570643424988 437 185 472 260
2 0.6669203639030457 823 0 1238 374
0 0.6654342412948608 125 158 188 330
1 0.6586126089096069 512 176 558 274
0 0.6255684494972229 689 163 711 227
0 0.589158296585083 425 186 458 262
0 0.4428683817386627 306 170 343 265
0 0.41014885902404785 768 166 797 245
0 0.3568519651889801 724 163 750 233
0 0.3337979018688202 733 170 763 247
0 0.32809650897979736 606 162 629 226
0 0.26794612407684326 749 170 781 249
0 0.25851982831954956 591 161 611 220
