2 0.9097295999526978 130 172 413 335
2 0.9092416763305664 792 162 1029 308
2 0.8778232336044312 1039 220 1241 375
2 0.8291458487510681 595 175 660 227
2 0.7778685688972473 432 173 543 220
2 0.7495037317276001 243 176 442 269
2 0.7182296514511108 711 177 796 223
2 0.7046782970428467 742 178 856 259
2 0.6904079914093018 9 185 209 284
2 0.6007071733474731 492 165 577 200
0 0.5201964974403381 757 177 804 266
2 0.4521183371543884 389 181 510 231
0 0.4076444208621979 696 166 717 209
2 0.35660016536712646 839 154 972 205
2 0.338320255279541 522 160 574 193
2 0.3187527656555176 598 168 638 204
2 0.3112030625343323 700 168 754 211
2 0.30794936418533325 176 168 278 216
