2 0.9290120005607605 806 167 1030 292
2 0.8957200050354004 596 180 662 239
2 0.846065878868103 710 180 824 231
2 0.8079239726066589 0 202 126 363
2 0.7463036775588989 227 190 333 243
2 0.7393760085105896 402 185 472 227
2 0.648922324180603 308 182 376 223
2 0.6407294869422913 679 174 776 217
2 0.5999442934989929 496 178 537 205
2 0.5827512145042419 18 185 158 236
2 0.530694842338562 559 176 592 200
2 0.4808625280857086 669 172 732 205
2 0.45933470129966736 477 179 523 205
2 0.2760496735572815 330 177 387 213
