3 0.876400351524353 612 135 680 213
2 0.8677393794059753 47 202 455 375
2 0.835260808467865 546 183 590 220
2 0.830950140953064 661 183 765 259
2 0.7072425484657288 640 186 699 232
2 0.6613196730613708 399 186 504 224
2 0.6372447609901428 347 181 471 238
2 0.5595791339874268 448 180 531 214
2 0.5381895303726196 74 187 282 274
2 0.4783051609992981 29 186 179 245
2 0.44020354747772217 228 184 370 243
3 0.398536741733551 822 7 1242 372
0 0.3391070067882538 773 187 794 236
2 0.2677782475948334 0 188 98 237
