2 0.9152775406837463 200 174 450 290
2 0.9138545989990234 896 180 1242 375
2 0.8818016648292542 787 178 971 285
2 0.8762715458869934 591 166 654 219
2 0.8518274426460266 0 176 125 307
2 0.835751473903656 75 166 274 252
2 0.8083500862121582 742 160 847 241
2 0.7196300029754639 392 167 521 220
2 0.6219706535339355 336 171 486 233
2 0.5712370276451111 948 145 1098 212
2 0.5546070337295532 495 157 569 194
2 0.41359931230545044 460 164 554 203
2 0.4045092761516571 621 159 664 197
2 0.29570773243904114 302 164 430 226
2 0.2523108720779419 223 160 353 224
