2 0.9234670400619507 100 178 408 368
2 0.8814324140548706 691 184 797 258
2 0.8589463233947754 1 178 144 343
2 0.8462189435958862 636 177 674 207
2 0.8041425347328186 365 183 487 262
2 0.7517251968383789 587 178 614 204
2 0.6399980187416077 508 179 543 210
2 0.6153296232223511 460 180 513 222
2 0.6046610474586487 287 178 387 236
2 0.573684811592102 339 173 424 228
2 0.3887833058834076 408 169 468 212
2 0.2994565963745117 429 171 489 214
2 0.2847590446472168 142 182 305 267
2 0.2676701843738556 397 173 491 230
2 0.2610362470149994 614 172 636 196
