2 0.8488832116127014 730 156 951 232
2 0.8275110721588135 437 183 501 226
2 0.8157055974006653 531 179 571 208
2 0.762984573841095 1076 147 1176 180
2 0.6738476753234863 1022 149 1098 181
2 0.6552760601043701 994 146 1070 180
2 0.5465759634971619 929 149 1008 180
2 0.5185847878456116 896 151 948 179
2 0.45662328600883484 642 170 684 196
2 0.38551485538482666 966 145 1038 179
2 0.3559453785419464 855 153 939 185
2 0.30197590589523315 470 182 513 215
2 0.2826014757156372 1049 149 1133 179
2 0.2667633593082428 600 170 640 196
