2 0.9342597723007202 839 188 1139 358
2 0.9161792397499084 0 179 306 375
2 0.8684902191162109 305 173 488 265
2 0.8467380404472351 595 179 661 231
2 0.8309413194656372 754 171 881 261
2 0.7323177456855774 438 170 542 219
2 0.7267323732376099 8 168 155 223
0 0.7196089625358582 719 174 760 238
2 0.6547601222991943 825 157 937 201
2 0.5882265567779541 142 175 300 245
2 0.5307378172874451 731 173 840 241
2 0.5178713798522949 715 175 792 226
2 0.4872221350669861 696 171 752 212
2 0.4751831591129303 254 174 400 242
0 0.40601831674575806 697 168 746 216
2 0.3852096498012543 478 170 563 208
2 0.38245004415512085 4 168 237 293
0 0.36716020107269287 693 167 722 213
2 0.2727096676826477 608 174 648 206
0 0.26033708453178406 733 178 800 238
