0 0.9089962244033813 628 130 672 249
0 0.8164362907409668 920 139 1031 368
0 0.7908449769020081 530 140 559 230
0 0.7840586304664612 589 140 631 246
0 0.7571667432785034 494 138 526 229
0 0.738688588142395 1010 131 1162 365
0 0.7175008654594421 445 135 473 229
0 0.7158548831939697 274 137 313 253
2 0.7048431634902954 0 0 262 370
0 0.5929510593414307 364 139 395 222
0 0.5556638836860657 575 140 607 237
0 0.5520595908164978 694 140 716 207
0 0.3717571496963501 480 142 506 225
0 0.35072997212409973 420 134 445 215
0 0.2543773651123047 549 137 582 232
