0 0.7895525097846985 33 158 106 350
0 0.7267559170722961 479 175 529 280
0 0.6961157917976379 858 161 899 281
0 0.6908668279647827 595 163 616 229
0 0.6901596188545227 406 184 444 274
2 0.6270747184753418 859 3 1236 370
0 0.5074002742767334 689 157 715 229
0 0.4864702522754669 782 162 809 250
0 0.45984405279159546 543 166 562 222
0 0.44677993655204773 720 157 747 235
0 0.388401597738266 706 155 734 235
0 0.3340141475200653 683 155 705 222
0 0.2660210430622101 848 160 884 259
0 0.2593892216682434 614 160 636 223
