2 0.9008756279945374 714 194 874 294
2 0.8893475532531738 195 182 367 267
2 0.8686392903327942 364 193 521 297
2 0.8541520833969116 579 181 641 232
2 0.8373451828956604 770 190 1156 371
2 0.8286386728286743 0 196 134 375
2 0.8124631643295288 690 180 789 256
3 0.7511918544769287 624 141 681 209
2 0.7357268929481506 335 181 465 237
2 0.7321003675460815 638 180 676 214
0 0.6893909573554993 1026 184 1165 371
2 0.6702420711517334 436 185 541 249
2 0.6212655901908875 132 180 249 226
2 0.5287899971008301 545 177 581 206
2 0.4654923677444458 682 177 747 234
2 0.27117830514907837 0 196 141 271
