1 0.8294892907142639 0 171 235 368
2 0.8007920384407043 1102 186 1221 235
2 0.7576771974563599 1025 182 1148 231
0 0.7105385065078735 285 152 309 219
0 0.707173228263855 243 153 263 217
0 0.67777419090271 840 164 887 281
0 0.6595177054405212 481 158 533 256
2 0.6449527740478516 966 183 1077 230
0 0.5858116745948792 320 153 344 216
0 0.5819090008735657 215 153 238 225
0 0.555995523929596 808 164 858 291
2 0.47499552369117737 597 167 637 202
0 0.3993757665157318 294 153 319 220
0 0.3071652352809906 373 157 391 195
