1 0.7912179827690125 501 165 542 239
0 0.7803488373756409 989 142 1107 361
1 0.7724980115890503 555 165 591 233
2 0.7401401996612549 1092 183 1220 233
0 0.7384629249572754 215 153 234 208
0 0.7371895909309387 246 151 268 209
0 0.736829936504364 718 150 792 314
0 0.7081363201141357 130 149 157 230
0 0.6924354434013367 624 154 682 285
2 0.6196615695953369 1063 186 1166 231
2 0.6080922484397888 599 170 635 204
0 0.595492959022522 648 153 708 283
2 0.5154455304145813 959 178 1078 225
0 0.35918280482292175 1042 151 1140 356
