2 0.89464271068573 591 180 661 240
2 0.8778786659240723 383 180 467 232
2 0.8758525848388672 0 187 168 375
2 0.8703458309173584 749 174 907 255
2 0.8342323303222656 695 179 805 231
2 0.8299654126167297 344 181 413 218
2 0.7903855443000793 1139 175 1242 375
2 0.673793375492096 469 180 514 205
2 0.6280096769332886 198 176 309 232
2 0.6048282980918884 52 188 211 260
2 0.5709112286567688 512 182 545 204
2 0.5019128918647766 131 185 250 242
2 0.3036036193370819 524 182 558 204
2 0.2542281448841095 433 178 483 206
