2 0.8457911014556885 953 177 1072 229
2 0.8368480801582336 1094 184 1224 233
2 0.8328603506088257 1036 183 1159 232
0 0.8204295635223389 36 143 79 248
0 0.7463258504867554 869 145 948 332
0 0.7375670671463013 222 149 243 211
1 0.7127828001976013 642 157 718 259
0 0.6940703392028809 739 142 806 305
0 0.6918565630912781 588 158 653 275
0 0.603395402431488 769 142 841 303
0 0.5005269646644592 193 153 213 208
0 0.45624101161956787 259 151 275 196
0 0.40326324105262756 442 159 464 205
0 0.31431761384010315 180 151 201 203
0 0.30306991934776306 641 154 718 258
2 0.30092906951904297 594 172 639 204
0 0.29054874181747437 172 150 189 199
2 0.2879539132118225 574 166 605 187
2 0.2550323009490967 744 154 804 192
