2 0.8614765405654907 531 174 570 207
0 0.7600709199905396 433 169 467 251
0 0.6998642683029175 677 174 710 257
0 0.5797123908996582 611 169 636 229
0 0.5587943196296692 639 169 671 255
0 0.5253840684890747 712 167 734 231
0 0.4244037866592407 741 166 765 230
0 0.41736090183258057 627 168 660 254
0 0.39654675126075745 114 241 277 371
0 0.38908877968788147 658 171 690 256
0 0.3649604916572571 45 255 217 370
0 0.3386538326740265 144 172 193 323
0 0.30799058079719543 411 168 443 249
0 0.3037938177585602 759 173 789 241
0 0.2690892517566681 697 172 728 245
