0 0.8284215927124023 1122 154 1223 362
0 0.8233848214149475 490 167 574 367
0 0.8107556104660034 739 138 801 298
0 0.7971137762069702 687 149 741 312
0 0.7872399091720581 570 154 630 316
0 0.7528408169746399 242 130 289 268
0 0.7064656615257263 636 138 664 199
2 0.6736865639686584 0 0 266 370
0 0.6554923057556152 827 138 1052 365
0 0.627285361289978 958 136 1096 365
0 0.5980255007743835 849 134 961 340
0 0.5954002737998962 799 133 893 309
0 0.5408928394317627 787 154 936 369
0 0.5001465678215027 537 140 568 228
0 0.43578723073005676 621 142 647 203
0 0.3257918059825897 886 125 955 261
0 0.27471062541007996 524 150 598 313
0 0.26463672518730164 949 130 1041 278
