2 0.8814523816108704 1 205 409 375
2 0.8082660436630249 884 8 1242 374
2 0.7809721827507019 679 188 794 272
2 0.6820797324180603 407 178 506 216
2 0.6582125425338745 332 181 461 235
2 0.6203839182853699 644 186 701 232
2 0.6091033816337585 659 183 730 240
3 0.5875439047813416 622 141 681 218
2 0.5809125900268555 536 183 590 223
2 0.5090982913970947 4 179 260 328
2 0.4338553845882416 277 185 437 246
2 0.4023922383785248 208 181 362 238
2 0.38870108127593994 626 186 667 221
2 0.2893415093421936 630 171 689 225
