2 0.8883289694786072 11 214 375 375
2 0.8363850116729736 221 195 471 371
2 0.8199480175971985 809 207 1207 375
2 0.7159292697906494 547 178 586 216
2 0.561536431312561 511 181 562 227
2 0.5547691583633423 715 184 823 258
2 0.5046501755714417 394 192 509 279
2 0.4357026219367981 772 202 940 317
2 0.3884281516075134 738 189 856 284
2 0.36835846304893494 638 185 704 234
2 0.35790926218032837 690 187 773 245
2 0.2913799285888672 573 178 608 211
2 0.2807197868824005 655 187 736 240
2 0.26647692918777466 611 181 675 222
