2 0.8967964053153992 1016 178 1242 371
2 0.8379901647567749 635 182 674 214
2 0.8008660078048706 0 191 112 374
2 0.7956867218017578 852 191 1082 280
2 0.778805673122406 152 168 392 263
2 0.7780666947364807 256 169 434 247
2 0.7668939828872681 47 182 332 291
2 0.7662371397018433 915 185 1217 310
2 0.7278577089309692 741 181 867 239
2 0.7124792337417603 772 187 934 248
1 0.5825257301330566 523 181 539 223
2 0.45507553219795227 821 187 1000 261
2 0.45006683468818665 360 181 484 229
2 0.26812049746513367 0 188 229 324
