2 0.8985254764556885 196 178 442 295
2 0.8945205211639404 766 190 917 283
2 0.8876797556877136 45 179 342 352
2 0.878229558467865 720 176 808 243
2 0.8185129165649414 387 179 520 237
2 0.8141992092132568 594 182 659 233
2 0.7493159770965576 1040 108 1242 369
2 0.7437216639518738 0 176 131 373
2 0.68138587474823 469 178 559 214
0 0.6401084065437317 701 177 731 239
2 0.6098850965499878 113 166 248 227
2 0.44778522849082947 591 179 639 217
0 0.42621269822120667 696 173 721 224
2 0.39541110396385193 812 160 916 202
0 0.3797542452812195 711 178 756 238
