2 0.8856919407844543 161 161 251 209
2 0.861796498298645 293 161 372 200
2 0.8082937598228455 590 161 657 189
2 0.7725926637649536 558 160 626 189
2 0.7268060445785522 476 153 568 197
2 0.6991035342216492 1049 149 1084 170
2 0.6611952781677246 234 165 291 203
2 0.6610732674598694 824 153 879 182
2 0.6118924021720886 706 155 767 184
2 0.5930997133255005 672 155 742 187
2 0.5607704520225525 644 160 709 188
2 0.5595124363899231 748 155 818 182
2 0.4970117509365082 511 160 575 193
2 0.3231397271156311 782 157 843 183
0 0.30690866708755493 254 165 290 204
0 0.2546403110027313 353 160 395 193
