2 0.9012619853019714 818 186 1108 370
2 0.8345820903778076 0 176 79 273
2 0.831673264503479 328 164 397 214
2 0.8266969919204712 185 177 271 217
2 0.7932361364364624 578 160 622 206
2 0.7764272689819336 406 176 470 212
2 0.6400970816612244 816 121 1027 198
2 0.6169891953468323 89 180 169 216
2 0.5889832377433777 774 156 823 200
2 0.5800648927688599 721 168 771 201
2 0.5799075365066528 807 151 966 263
2 0.553790807723999 641 145 675 184
3 0.43593576550483704 601 138 640 190
3 0.27274513244628906 639 143 676 184
