2 0.9140624403953552 698 184 801 260
2 0.861592710018158 77 181 272 276
2 0.8557825088500977 641 178 681 208
2 0.8441997766494751 320 182 474 281
2 0.7671564817428589 314 181 385 232
2 0.6644696593284607 443 183 514 235
2 0.597030520439148 587 177 612 199
2 0.39466989040374756 382 176 441 215
2 0.3892946243286133 95 182 208 239
2 0.376492440700531 506 186 547 215
2 0.36494284868240356 467 186 535 228
2 0.35363468527793884 431 176 479 213
2 0.34432294964790344 146 179 255 229
2 0.29414036870002747 340 182 442 244
2 0.26566022634506226 529 184 559 208
