2 0.8756195306777954 188 151 285 204
2 0.7284930348396301 327 163 402 199
2 0.6548558473587036 267 164 326 201
2 0.6126151084899902 687 154 763 187
2 0.5880200862884521 577 159 647 189
2 0.5484250783920288 778 154 844 183
2 0.5114960074424744 501 161 592 193
2 0.5034570097923279 842 157 904 184
2 0.39706850051879883 662 161 717 187
2 0.36484527587890625 628 159 703 187
2 0.3570482134819031 818 158 875 184
0 0.34047383069992065 287 163 325 200
2 0.3389846980571747 718 159 774 185
2 0.33887314796447754 1087 154 1115 172
