2 0.92259681224823 798 186 1082 371
2 0.885372519493103 956 203 1242 375
2 0.865706205368042 694 180 813 268
2 0.8591927289962769 411 184 496 239
2 0.8073660135269165 110 180 314 251
2 0.7909601330757141 0 216 135 375
2 0.7843612432479858 674 178 747 240
2 0.636644721031189 493 179 536 214
2 0.5542615056037903 650 175 698 214
2 0.4989315867424011 465 181 519 222
2 0.38075417280197144 615 169 645 194
2 0.344014048576355 624 165 658 194
2 0.3238789439201355 638 170 675 203
2 0.26911261677742004 527 173 556 194
