2 0.796975314617157 629 157 690 189
2 0.6578413844108582 827 160 887 184
2 0.6557034850120544 780 159 837 185
0 0.6482614278793335 369 160 396 197
0 0.6177800893783569 307 159 335 203
2 0.6001604795455933 889 157 956 186
2 0.5781015753746033 705 160 777 188
2 0.5231244564056396 323 161 391 199
2 0.48568880558013916 737 160 802 187
2 0.44796037673950195 564 156 650 191
2 0.4335354268550873 858 157 913 183
2 0.3902055621147156 669 159 741 186
2 0.37007930874824524 284 159 337 200
2 0.28576385974884033 354 160 401 197
