2 0.9323556423187256 742 165 928 256
2 0.9317669868469238 889 104 1233 368
2 0.9256995916366577 590 169 680 260
2 0.8792048096656799 135 177 276 247
2 0.8731685280799866 2 177 141 280
2 0.8172900676727295 677 166 769 205
2 0.796492338180542 280 183 365 226
2 0.7782801389694214 413 176 460 201
2 0.7044092416763306 1132 153 1242 240
2 0.6729491353034973 480 172 514 194
2 0.5664080381393433 336 175 387 203
2 0.4877123534679413 658 168 722 195
2 0.45884883403778076 524 171 554 191
2 0.2703040838241577 1188 155 1242 230
2 0.25143346190452576 41 178 179 242
2 0.25117212533950806 213 181 291 226
