0 0.8134195804595947 428 178 487 306
0 0.7948650121688843 358 176 398 287
2 0.7311813235282898 938 0 1238 364
0 0.6960772275924683 870 163 911 260
0 0.6371313333511353 498 175 527 250
0 0.4804506003856659 592 165 613 226
0 0.4751620292663574 785 160 817 240
0 0.46494513750076294 583 168 605 222
0 0.42736029624938965 570 167 591 219
0 0.3416368067264557 552 168 571 220
0 0.3180983066558838 681 160 705 232
0 0.29786089062690735 700 159 725 233
0 0.27291247248649597 512 173 536 244
0 0.2650751769542694 558 166 582 220
0 0.25218647718429565 691 160 715 229
