2 0.9200713634490967 594 176 662 237
2 0.9182108640670776 820 172 1005 289
2 0.8927252888679504 713 175 862 245
2 0.8842157125473022 152 182 347 283
2 0.8190720081329346 443 179 510 218
2 0.7958948016166687 1 194 74 289
2 0.7233728170394897 52 178 243 263
2 0.7093576192855835 570 172 602 196
2 0.6859902739524841 304 184 389 222
2 0.5454658269882202 527 165 554 188
2 0.30388471484184265 473 179 520 206
2 0.2927364408969879 687 172 728 191
2 0.2619298994541168 252 185 357 232
2 0.25009021162986755 16 194 159 262
