0 0.86397784948349 721 131 783 292
0 0.813530683517456 653 137 712 298
0 0.7982969880104065 613 143 650 246
0 0.7920199632644653 271 132 311 256
0 0.7883287668228149 464 135 508 251
0 0.7477802038192749 521 144 554 240
2 0.6739916801452637 0 0 262 370
0 0.6297336220741272 582 144 618 244
0 0.6224808692932129 554 148 587 242
0 0.40069618821144104 489 140 524 246
0 0.34462639689445496 1195 178 1223 287
0 0.3429708182811737 658 137 777 293
0 0.26131394505500793 526 145 582 240
0 0.2586350440979004 543 141 572 224
0 0.2547416090965271 701 133 764 254
