2 0.8269028067588806 546 168 584 207
0 0.8249523043632507 349 157 398 270
2 0.819380521774292 601 169 640 201
2 0.8037670254707336 1086 183 1220 233
0 0.7855442762374878 121 145 154 232
2 0.78424471616745 848 179 1033 239
2 0.7511279582977295 1040 183 1162 231
0 0.7052140831947327 288 157 310 214
2 0.7029000520706177 964 181 1074 227
0 0.6984195709228516 159 149 182 215
0 0.5534294843673706 240 154 261 207
0 0.5463814735412598 254 150 274 205
0 0.48064494132995605 195 148 216 208
0 0.37998107075691223 177 149 199 211
