2 0.9493141770362854 597 178 692 274
2 0.9045092463493347 52 198 284 308
2 0.8767927289009094 729 177 850 233
2 0.868269681930542 338 186 416 223
2 0.8632389307022095 491 182 535 209
2 0.8200662732124329 688 179 777 215
2 0.7827487587928772 0 201 172 291
2 0.7631223797798157 388 183 444 215
2 0.7117347121238708 199 183 298 235
2 0.681768536567688 460 183 502 207
2 0.49594080448150635 676 178 744 207
2 0.4010826349258423 527 181 560 200
2 0.399122416973114 555 180 583 198
2 0.2762613892555237 417 184 485 210
