2 0.9261241555213928 591 181 658 242
2 0.8970104455947876 28 185 294 324
2 0.8910410404205322 739 177 871 248
2 0.8730120658874512 228 179 327 235
2 0.8503260612487793 522 180 557 204
2 0.8165498375892639 417 183 489 226
2 0.8150776624679565 692 180 798 230
2 0.8016310334205627 1004 138 1240 367
2 0.7518355250358582 355 184 425 220
2 0.6957749724388123 468 181 513 207
2 0.5798909068107605 1 184 75 231
2 0.4057549834251404 393 182 452 216
2 0.3648557960987091 675 179 736 203
2 0.3060024678707123 644 172 672 194
