2 0.9377307891845703 598 178 666 247
2 0.9251661896705627 150 197 339 287
2 0.8880767226219177 71 186 192 235
2 0.8693413734436035 775 168 963 273
2 0.8560600876808167 412 182 471 212
2 0.8541220426559448 331 180 401 223
2 0.8283219337463379 529 180 559 203
2 0.794533908367157 702 179 808 224
2 0.7894174456596375 675 180 760 214
2 0.773952305316925 448 182 508 218
2 0.6821017861366272 495 181 532 205
2 0.6776242852210999 265 186 340 225
2 0.4467008709907532 670 178 730 204
2 0.37534433603286743 467 182 529 212
