2 0.8148036003112793 294 164 357 202
2 0.7504357695579529 360 163 435 197
2 0.7249928712844849 634 164 701 187
2 0.683704137802124 678 164 742 188
2 0.6712570190429688 517 154 601 191
2 0.668559193611145 566 158 629 189
2 0.6648457646369934 598 159 669 187
2 0.6414577960968018 756 157 811 184
0 0.6080034375190735 259 160 296 206
2 0.5405142307281494 863 154 921 183
2 0.5389595031738281 724 159 784 185
2 0.48787403106689453 247 159 300 205
2 0.47165998816490173 828 158 879 182
2 0.343722939491272 797 158 861 181
2 0.2746089994907379 1108 155 1141 173
