0 0.906735360622406 629 132 672 248
0 0.8382436037063599 691 136 713 207
0 0.8321703672409058 589 139 631 245
0 0.8080001473426819 923 141 1033 363
0 0.8073397874832153 529 138 557 228
0 0.8071156740188599 495 134 526 229
0 0.7799214720726013 442 134 473 228
0 0.7611154317855835 274 137 311 253
0 0.7347714304924011 1005 131 1161 365
2 0.7285652756690979 0 0 263 370
0 0.6280874609947205 476 136 504 228
0 0.5062003135681152 365 141 394 216
0 0.49681520462036133 575 140 608 235
0 0.4440179169178009 538 139 570 227
0 0.3246142268180847 552 136 585 230
0 0.2955494523048401 420 134 445 216
0 0.26501747965812683 508 134 542 227
