2 0.8448635935783386 324 163 404 199
2 0.816909909248352 257 163 327 203
2 0.8010163307189941 534 157 602 190
2 0.7373567223548889 587 160 660 188
2 0.6832407712936401 658 162 726 188
2 0.6536915302276611 735 155 790 184
2 0.646300196647644 700 154 763 185
2 0.5815407633781433 487 152 576 191
2 0.566715657711029 201 156 273 204
2 0.5648735761642456 614 163 685 188
2 0.49774494767189026 802 159 857 182
2 0.4415770173072815 769 158 826 181
2 0.400210440158844 565 156 635 187
0 0.37710633873939514 212 157 267 207
2 0.2656517028808594 849 152 901 181
2 0.25159117579460144 1079 151 1111 172
