2 0.9137648344039917 52 166 202 253
2 0.9106257557868958 834 112 1144 233
2 0.9095315933227539 462 162 533 236
2 0.8990054130554199 662 172 761 222
3 0.870567262172699 515 134 560 199
2 0.8665050268173218 1110 162 1242 372
2 0.8644436597824097 184 184 308 248
2 0.8641797304153442 380 170 435 213
2 0.8628130555152893 568 149 606 190
2 0.783120334148407 723 166 830 219
2 0.653810977935791 1129 127 1242 196
2 0.4309283494949341 436 142 478 201
2 0.37311604619026184 0 192 35 260
2 0.3076689541339874 1202 116 1241 187
