2 0.9147158861160278 271 183 450 296
2 0.9128057360649109 122 176 296 265
2 0.9101840257644653 711 186 841 278
2 0.8995591998100281 658 178 724 228
2 0.8594865202903748 441 179 513 232
2 0.7463092803955078 499 183 537 215
2 0.731186032295227 586 177 611 200
2 0.7239570021629333 306 181 387 233
2 0.6588326096534729 387 178 444 216
2 0.6568288207054138 633 179 664 203
2 0.4278500974178314 622 176 646 199
2 0.31230705976486206 432 180 483 221
2 0.2735106647014618 512 183 544 209
2 0.250297486782074 355 178 441 231
