2 0.9337003827095032 834 190 1137 352
2 0.9091665744781494 0 184 302 375
2 0.8822941780090332 301 174 488 267
2 0.8681403398513794 595 178 659 230
2 0.8521067500114441 741 170 875 259
2 0.7701175808906555 811 154 932 204
2 0.7616976499557495 695 171 751 215
2 0.7502350807189941 452 172 556 213
2 0.7102869749069214 3 169 162 227
2 0.7021565437316895 715 175 791 231
2 0.6672484278678894 170 178 313 235
2 0.6327032446861267 405 174 522 226
2 0.5512509942054749 604 172 646 207
0 0.5018125176429749 715 173 761 236
0 0.4340166449546814 726 173 791 241
2 0.41455918550491333 509 168 574 199
2 0.38343220949172974 3 168 236 290
