2 0.947745144367218 746 165 921 256
2 0.9329034090042114 889 106 1231 371
2 0.9227672815322876 589 174 678 257
2 0.8873639106750488 132 177 283 246
2 0.8760710954666138 0 174 144 286
2 0.8209109306335449 279 182 368 226
2 0.8120735287666321 680 168 770 204
2 0.7398285865783691 481 171 515 193
2 0.7148087024688721 418 174 475 201
2 0.6789076924324036 1131 153 1241 241
2 0.5935556888580322 528 170 558 189
2 0.5873451232910156 662 166 723 192
2 0.5207863450050354 444 173 483 197
2 0.3776470422744751 55 178 171 236
2 0.3472636342048645 1191 155 1242 234
