0 0.832048237323761 686 149 738 300
0 0.8142939209938049 491 167 572 367
0 0.8133488893508911 1118 150 1223 363
0 0.8128706216812134 568 154 630 318
0 0.7924380302429199 738 138 800 293
0 0.7800813913345337 638 140 660 202
0 0.7700777053833008 243 130 290 268
2 0.7373069524765015 0 0 263 370
0 0.6501496434211731 803 138 1058 365
0 0.6186361908912659 806 130 892 306
0 0.6154209971427917 610 144 636 205
0 0.5943720936775208 952 135 1089 365
0 0.531887948513031 777 153 911 368
0 0.4494907855987549 626 143 652 205
0 0.42509859800338745 824 130 962 305
0 0.32891297340393066 341 144 372 220
