2 0.9100282788276672 817 185 1107 371
2 0.877872884273529 327 160 402 213
2 0.871637225151062 409 176 463 212
2 0.8579959273338318 576 159 620 207
2 0.8210819959640503 190 177 276 216
2 0.8034261465072632 0 182 75 264
2 0.7382935881614685 812 131 1025 212
2 0.7233226895332336 716 167 771 202
2 0.7090821862220764 641 144 674 184
2 0.6439984440803528 507 161 545 195
2 0.6420589089393616 88 182 187 218
2 0.6346641778945923 809 147 956 272
3 0.5879184007644653 601 137 638 188
2 0.48103904724121094 758 164 822 202
3 0.37400177121162415 631 140 673 183
