2 0.9119813442230225 635 177 670 205
2 0.8890874981880188 716 168 849 223
2 0.8780913352966309 810 197 1234 374
2 0.8713680505752563 5 171 281 309
2 0.8341179490089417 301 160 460 233
2 0.8286340236663818 870 173 1210 304
2 0.8057922124862671 153 178 378 262
2 0.786700963973999 0 172 128 375
1 0.7408005595207214 539 175 552 207
2 0.7305825352668762 819 178 1066 277
2 0.7010092735290527 787 178 960 247
2 0.6480703949928284 418 175 513 208
2 0.5853840112686157 751 179 894 233
2 0.34204378724098206 236 174 400 240
