2 0.94920814037323 751 185 880 267
2 0.8982629776000977 0 164 255 373
2 0.894943118095398 138 181 387 313
2 0.8817672729492188 713 170 795 234
2 0.870703399181366 592 180 654 234
2 0.8577441573143005 245 178 458 276
2 0.8562041521072388 936 61 1240 375
2 0.8466478586196899 392 175 524 233
2 0.7905309796333313 790 157 908 203
2 0.7593486309051514 599 172 649 212
2 0.6931995749473572 478 172 562 208
2 0.5700703859329224 127 167 264 232
2 0.3331226706504822 0 150 53 240
2 0.3306502103805542 1 148 118 251
0 0.27381831407546997 688 168 724 213
2 0.26325756311416626 683 167 727 209
2 0.25965842604637146 322 181 465 251
2 0.2532994747161865 692 173 759 224
