2 0.7364970445632935 627 160 694 188
2 0.7177841663360596 398 157 458 194
2 0.7094824910163879 331 162 389 199
2 0.7085297703742981 545 152 624 189
2 0.6989216208457947 280 156 339 201
2 0.6782498955726624 587 159 645 190
2 0.6737231016159058 700 163 769 187
2 0.6628580093383789 656 161 726 187
0 0.6384561657905579 300 158 334 203
2 0.6092603206634521 754 155 819 183
2 0.4818299412727356 783 156 835 182
2 0.3730562925338745 819 158 871 180
2 0.3590383231639862 850 158 901 180
2 0.30988019704818726 909 156 954 181
2 0.30967429280281067 883 156 927 182
0 0.25574246048927307 399 160 448 198
