2 0.923503577709198 789 163 1026 306
2 0.9084493517875671 139 174 414 336
2 0.8880625367164612 1037 218 1241 375
2 0.874584972858429 220 173 448 276
2 0.862844705581665 597 176 661 228
2 0.822900652885437 412 173 538 224
2 0.755738377571106 711 180 785 226
0 0.7446109056472778 757 176 804 269
2 0.7435612678527832 0 184 195 283
2 0.7094700336456299 697 168 753 214
2 0.6551453471183777 472 168 565 204
2 0.6519210934638977 164 168 285 220
2 0.5829663276672363 838 152 979 205
2 0.5772565007209778 740 178 821 259
2 0.49294939637184143 605 173 648 206
2 0.46884778141975403 513 163 586 195
2 0.27168703079223633 535 158 600 189
