2 0.9255729913711548 896 183 1240 374
2 0.9221393465995789 207 172 448 289
2 0.9086389541625977 785 177 968 286
2 0.9035060405731201 592 166 652 217
2 0.9019414186477661 733 152 859 245
2 0.8769310712814331 911 141 1094 215
2 0.8679959177970886 0 171 119 301
2 0.8541843295097351 77 165 265 251
2 0.7902235388755798 387 164 520 219
2 0.7069814205169678 499 149 575 190
0 0.6053944230079651 696 166 715 201
2 0.5320456027984619 813 156 890 202
2 0.5104030966758728 454 162 554 203
2 0.40698370337486267 156 168 309 241
2 0.3177396059036255 305 162 424 219
2 0.27185747027397156 322 172 477 231
