2 0.8706502914428711 845 179 1025 238
2 0.8668160438537598 1030 184 1156 231
0 0.851726770401001 119 150 150 233
2 0.8340466022491455 1095 182 1219 230
2 0.8136880993843079 546 169 589 206
0 0.80853670835495 349 157 395 264
2 0.8055161237716675 600 169 636 201
2 0.7917676568031311 957 180 1072 228
0 0.7478694915771484 284 161 309 221
0 0.7390446662902832 158 150 182 212
0 0.6912809014320374 197 147 216 206
0 0.5905566811561584 258 153 277 207
0 0.5805684328079224 236 153 256 206
0 0.35635584592819214 240 155 273 205
0 0.3230098783969879 197 153 241 207
