2 0.8785578012466431 525 166 585 218
2 0.866565465927124 957 180 1070 226
2 0.8599050641059875 1032 182 1205 243
0 0.8500475883483887 168 153 190 214
0 0.8427245616912842 120 153 152 235
0 0.8310620188713074 431 154 494 285
2 0.8213908076286316 599 170 636 201
0 0.7431771755218506 199 146 224 209
0 0.6894658803939819 243 155 270 221
0 0.5679628849029541 140 152 164 219
0 0.38233914971351624 260 155 285 219
0 0.3431122899055481 207 149 244 209
2 0.30798211693763733 567 169 598 198
0 0.2775591313838959 146 152 184 216
