2 0.9348062872886658 592 181 658 241
2 0.9246155619621277 1006 166 1242 372
2 0.9093608856201172 739 176 872 246
2 0.8958940505981445 27 184 295 324
2 0.8876555562019348 523 180 559 204
2 0.8781134486198425 418 181 491 225
2 0.8684836626052856 228 179 326 235
2 0.8069049119949341 353 182 427 218
2 0.7990948557853699 691 180 807 228
2 0.7245241403579712 468 180 512 206
2 0.5665956139564514 1 184 76 227
2 0.3489615023136139 398 181 448 210
2 0.31701985001564026 676 177 735 200
2 0.3028654456138611 664 175 713 195
2 0.26327547430992126 45 189 224 271
