2 0.4961030595813205 0.5266133333333334 0.038953301127214165 0.12202666666666671
2 0.9778381642512076 0.7616 0.04271336553945246 0.4714666666666667
2 0.33871578099838967 0.54772 0.0557085346215781 0.10743999999999998
2 0.6669645732689211 0.56344 0.14475040257648952 0.22245333333333328
2 0.6013848631239936 0.5360533333333333 0.10099838969404182 0.13904000000000002
2 0.5847061191626409 0.5079466666666667 0.07103864734299518 0.11322666666666668
2 0.5588687600644122 0.49116 0.06797906602254433 0.1070666666666666
2 0.5469766505636071 0.4970533333333333 0.053260869565217375 0.06962666666666663
2 0.33743558776167476 0.50952 0.04070048309178745 0.08133333333333333
2 0.44384460547504023 0.46602666666666664 0.024388083735909793 0.07359999999999998
2 0.3588123993558776 0.5017733333333333 0.0320209339774557 0.06797333333333336
2 0.4051207729468599 0.4921866666666666 0.020772946859903343 0.04074666666666667
2 0.31285829307568436 0.50292 0.025458937198067636 0.05912000000000004
2 0.125036231884058 0.50968 0.03218196457326892 0.06703999999999996
