2 0.49299516908212554 0.5068666666666666 0.022560386473429936 0.07106666666666668
2 0.6731602254428342 0.6577066666666667 0.15876811594202894 0.3509333333333333
2 0.06610305958132044 0.64988 0.13220611916264088 0.2137866666666667
2 0.6151127214170693 0.5872533333333333 0.08906602254428342 0.22512000000000004
0 0.5873309178743961 0.5084533333333333 0.01261674718196454 0.11488000000000002
2 0.5552294685990339 0.5269733333333333 0.042117552334943596 0.10882666666666667
2 0.5285024154589372 0.49446666666666667 0.020982286634460504 0.06738666666666669
2 0.3493115942028986 0.54972 0.04578904991948466 0.09442666666666666
2 0.37020933977455717 0.5351066666666666 0.037729468599033825 0.08765333333333335
2 0.3914210950080515 0.5186933333333333 0.03142512077294688 0.0706133333333333
