2 0.4773408541498791 0.5094281914893617 0.030878323932312598 0.0928989361702127
2 0.043102336825141016 0.6511702127659574 0.08620467365028203 0.3468617021276596
2 0.21754633360193393 0.6727526595744681 0.19523771152296535 0.3347074468085106
2 0.20828767123287673 0.581875 0.11781627719580981 0.17428191489361702
2 0.3541337630942788 0.5666356382978723 0.0717163577759871 0.1468882978723404
2 0.2984004834810636 0.5359042553191489 0.05770346494762289 0.10781914893617027
2 0.3759548751007252 0.5310372340425531 0.04937953263497177 0.11053191489361702
2 0.41974617244157936 0.48393617021276597 0.036236905721192564 0.12154255319148932
2 0.44392022562449635 0.47767287234042555 0.01675261885576145 0.06359042553191488
2 0.10982675261885577 0.5682313829787234 0.12813053988718776 0.18289893617021272
