2 0.9879508856682768 0.7009066666666667 0.02248792270531406 0.5928533333333333
2 0.04740740740740741 0.8027333333333333 0.09481481481481482 0.38919999999999993
2 0.6201006441223832 0.61792 0.11875201288244767 0.26149333333333336
2 0.3511876006441224 0.59748 0.07445249597423513 0.16386666666666663
2 0.5517270531400966 0.55392 0.05089371980676331 0.13439999999999994
2 0.3887399355877617 0.5494133333333333 0.05214975845410631 0.12768
2 0.4142632850241546 0.5281733333333333 0.028961352657004853 0.07885333333333332
1 0.46016908212560387 0.5051733333333334 0.006183574879227013 0.04954666666666662
1 0.4660024154589373 0.50268 0.0059339774557165895 0.04690666666666667
2 0.5232528180354268 0.5199866666666667 0.029822866344605445 0.08429333333333337
