2 0.7494927536231885 0.7391733333333333 0.22349436392914657 0.4577599999999999
2 0.15428341384863126 0.62752 0.2554428341384863 0.2654933333333334
2 0.27106280193236715 0.5699466666666667 0.14381642512077297 0.17904000000000003
2 0.3093639291465379 0.5630933333333333 0.14231884057971014 0.16096000000000002
2 0.32185185185185183 0.5484533333333333 0.12257648953301128 0.14389333333333335
2 0.6493558776167472 0.6140133333333333 0.11608695652173918 0.28141333333333324
2 0.5706320450885668 0.5440133333333333 0.04667471819645735 0.11048000000000001
2 0.36226247987117555 0.5453733333333333 0.09057971014492754 0.12541333333333332
2 0.3745893719806763 0.5280666666666667 0.07785829307568441 0.12978666666666672
2 0.5321336553945251 0.48197333333333336 0.025088566827697237 0.0886933333333333
2 0.42529388083735914 0.50212 0.05221417069243153 0.05858666666666666
