2 0.9471936274509805 0.5696216216216217 0.10397875816993463 0.13886486486486485
2 0.8944281045751634 0.5627162162162163 0.1024346405228759 0.13181081081081084
2 0.8257026143790851 0.5625945945945946 0.09475490196078443 0.14205405405405408
2 0.5062377450980392 0.5070810810810811 0.027933006535947758 0.08194594594594594
0 0.8298080065359477 0.6450135135135135 0.06644607843137249 0.47316216216216217
0 0.8499428104575163 0.6515135135135136 0.06862745098039207 0.4109729729729729
0 0.5255106209150326 0.5932837837837838 0.046021241830065396 0.34024324324324323
0 0.23158496732026143 0.5158918918918919 0.02960784313725491 0.18908108108108113
0 0.26935049019607843 0.5155945945945946 0.016070261437908465 0.18572972972972973
0 0.2801388888888889 0.5261081081081082 0.03369281045751635 0.19372972972972977
0 0.2809967320261438 0.5468243243243244 0.028594771241830068 0.2440810810810811
0 0.3284313725490196 0.5476621621621621 0.034852941176470566 0.217972972972973
0 0.19082924836601306 0.5294324324324324 0.02559640522875818 0.22151351351351356
0 0.22581290849673202 0.5304054054054055 0.02396241830065358 0.21632432432432439
0 0.2530147058823529 0.5383243243243244 0.022058823529411766 0.194
0 0.24715686274509804 0.5280945945945946 0.021241830065359478 0.19613513513513514
