0 0.6585945072697901 0.7011363636363637 0.05168012924071084 0.5422192513368983
0 0.745456381260097 0.6838502673796791 0.07937802907915993 0.5735294117647058
0 0.19683764135702747 0.688475935828877 0.05805331179321487 0.5025668449197862
0 0.4616437802907917 0.5667780748663102 0.0314135702746365 0.26350267379679143
0 0.5984612277867528 0.533235294117647 0.024095315024232577 0.20983957219251334
0 0.8337479806138934 0.5698529411764706 0.04812600969305335 0.32350267379679143
0 0.9547495961227788 0.5421256684491979 0.05263327948303704 0.3401871657754011
0 0.7905775444264943 0.5354946524064171 0.030589660743134094 0.26355614973262026
0 0.42334814216478195 0.5361229946524063 0.01684168012924073 0.14877005347593586
0 0.40780290791599355 0.5298262032085561 0.0169789983844911 0.1509358288770053
2 0.46173667205169633 0.48029411764705876 0.020953150242326378 0.06967914438502675
2 0.3981744749596123 0.5085695187165775 0.057415185783521845 0.16435828877005346
2 0.42195072697899844 0.4980080213903743 0.03903877221324716 0.12328877005347597
