2 0.14333735909822867 0.7628266666666667 0.28667471819645735 0.4690133333333333
2 0.5740660225442834 0.5712933333333333 0.0864734299516909 0.19618666666666673
2 0.20184782608695653 0.7462533333333334 0.26654589371980675 0.5021599999999999
0 0.11800322061191626 0.6654533333333333 0.04869565217391306 0.5004533333333333
0 0.18938808373590982 0.6238266666666666 0.02824476650563606 0.3614133333333333
2 0.4297181964573269 0.5170133333333333 0.03748792270531401 0.10965333333333334
2 0.533852657004831 0.51756 0.045450885668276916 0.11367999999999999
0 0.20944847020933977 0.64124 0.024500805152979095 0.36882666666666664
2 0.4439371980676329 0.5096533333333333 0.025281803542673183 0.06698666666666668
2 0.5126328502415459 0.49473333333333325 0.023397745571658662 0.08056000000000002
