2 0.5150925925925925 0.58476 0.061972624798711774 0.19544000000000006
2 0.6578140096618358 0.5665866666666667 0.12089371980676336 0.19823999999999992
2 0.5947302737520128 0.53872 0.06833333333333334 0.11375999999999999
2 0.5697101449275362 0.52872 0.06017713365539453 0.08367999999999999
2 0.04011674718196458 0.67268 0.08023349436392915 0.24157333333333333
2 0.35005636070853463 0.5596933333333333 0.059935587761674715 0.12109333333333332
2 0.4297463768115942 0.5245599999999999 0.03084541062801928 0.07327999999999997
2 0.46535426731078905 0.5098933333333333 0.021803542673107922 0.05338666666666669
2 0.279537037037037 0.5685066666666666 0.07221417069243156 0.11573333333333327
2 0.3169001610305958 0.5416933333333332 0.04919484702093395 0.11032000000000002
2 0.3685265700483092 0.5267066666666667 0.03843800322061192 0.0724
2 0.4205072463768116 0.52084 0.03407407407407402 0.051493333333333335
2 0.16909822866344604 0.5602933333333333 0.0778743961352657 0.11743999999999997
2 0.16541867954911432 0.5388666666666666 0.07930756843800323 0.08440000000000002
