0 0.9099718196457326 0.5881333333333334 0.07622383252818041 0.5107733333333333
1 0.22951288244766507 0.6871199999999998 0.09538647342995171 0.4981866666666666
2 0.7710024154589372 0.7213466666666666 0.27245571658615136 0.5519733333333333
2 0.6329589371980676 0.5880933333333334 0.12454911433172307 0.33848
2 0.5879911433172303 0.5382399999999999 0.0816183574879227 0.2347733333333334
2 0.5661996779388084 0.5292800000000001 0.05107890499194851 0.1498666666666667
0 0.5308373590982286 0.4776133333333334 0.008051529790660225 0.0995466666666667
0 0.5333695652173912 0.47918666666666665 0.011537842190016136 0.09586666666666663
2 0.439194847020934 0.4826266666666667 0.023011272141706864 0.07656000000000002
0 0.48802737520128825 0.4768 0.0067149758454105625 0.06442666666666666
2 0.3771859903381643 0.53032 0.05039452495974233 0.11834666666666666
2 0.03465780998389694 0.7817066666666665 0.06931561996779388 0.4312533333333333
2 0.12693236714975845 0.7430399999999999 0.2538647342995169 0.45957333333333333
2 0.26721819645732686 0.6231733333333334 0.13549919484702092 0.26458666666666664
2 0.3307971014492754 0.5571866666666666 0.08296296296296297 0.18413333333333337
