2 0.9363486312399357 0.7765733333333333 0.1256924315619967 0.44151999999999997
2 0.1421940418679549 0.7829466666666667 0.2843880837359098 0.4287733333333333
2 0.6363768115942029 0.6375333333333334 0.12499194847020935 0.29645333333333335
2 0.33033011272141705 0.6063333333333333 0.10243156199677936 0.22973333333333326
2 0.39842190016103063 0.5457333333333333 0.042737520128824466 0.11072000000000003
1 0.45910628019323674 0.5075866666666666 0.008438003220611931 0.06760000000000006
1 0.4687198067632851 0.50388 0.007922705314009687 0.06359999999999998
2 0.42478663446054754 0.5260666666666667 0.02775362318840582 0.06567999999999999
2 0.5196980676328503 0.4979866666666667 0.016481481481481503 0.044879999999999955
2 0.5510950080515298 0.5289066666666666 0.045475040257648966 0.12277333333333339
