2 0.06892109500805152 0.7661733333333333 0.13784219001610304 0.46232
2 0.9219404186795491 0.53124 0.1545088566827698 0.4278666666666666
2 0.2338888888888889 0.7078266666666666 0.19439613526570046 0.3986933333333333
2 0.33180756843800324 0.6034266666666667 0.11520933977455715 0.23304000000000002
2 0.8350563607085347 0.50964 0.10143317230273763 0.1926133333333333
2 0.7485869565217391 0.5170266666666666 0.09224637681159416 0.15704000000000004
2 0.7066062801932367 0.5130266666666666 0.0779629629629629 0.13981333333333335
2 0.6882367149758454 0.511 0.0784863123993559 0.12125333333333341
2 0.671731078904992 0.49805333333333335 0.07623188405797097 0.11418666666666664
2 0.5707206119162641 0.5495733333333334 0.060442834138486355 0.15930666666666668
2 0.40776570048309185 0.5339333333333334 0.05495169082125608 0.12808
2 0.4248711755233494 0.5074533333333333 0.046070853462157786 0.13122666666666669
2 0.6058132045088568 0.48861333333333334 0.05769726247987115 0.08453333333333338
3 0.5112801932367149 0.45250666666666667 0.04159420289855079 0.14186666666666664
