2 0.14996779388083736 0.5109866666666667 0.2999355877616747 0.9726933333333333
0 0.6903623188405797 0.5363333333333333 0.031127214170692405 0.2430666666666666
1 0.34659420289855075 0.603 0.04383252818035427 0.2737866666666666
1 0.3848107890499195 0.5453866666666666 0.023776167471819622 0.18229333333333328
2 0.6039734299516908 0.58168 0.0895571658615137 0.23071999999999995
2 0.5660386473429951 0.5396133333333333 0.06322061191626407 0.18733333333333332
2 0.5484702093397746 0.5187333333333333 0.04909822866344607 0.1526133333333333
0 0.5022101449275362 0.4800133333333333 0.009927536231883999 0.08002666666666663
0 0.5051046698872785 0.4842133333333333 0.009388083735909797 0.07797333333333328
2 0.4382729468599034 0.4836 0.01942834138486312 0.06554666666666663
2 0.3970289855072464 0.5150266666666666 0.03466988727858293 0.08946666666666662
2 0.203317230273752 0.6822933333333333 0.19513687600644122 0.33397333333333334
2 0.3017753623188406 0.5948266666666666 0.09728663446054754 0.20522666666666667
