2 0.49406526994359384 0.5622473404255319 0.06895245769540688 0.20726063829787236
2 0.05982272360999193 0.6736835106382979 0.11964544721998387 0.31327127659574466
2 0.13856164383561645 0.7433643617021276 0.2771232876712329 0.5079521276595744
2 0.3491055600322321 0.5667686170212766 0.0723771152296535 0.15125
2 0.2803102336825141 0.545625 0.07605962933118451 0.1344946808510638
2 0.3958340048348106 0.5296941489361702 0.049508460918614064 0.10789893617021275
2 0.07051168412570508 0.5925398936170213 0.14102336825141015 0.1981117021276596
2 0.17671232876712328 0.5481781914893618 0.08721998388396456 0.12944148936170208
2 0.3269057211925866 0.4990159574468085 0.039580983078162775 0.08781914893617017
2 0.542989524576954 0.49869680851063825 0.016873489121676112 0.038882978723404266
