2 0.5411634460547504 0.5144666666666666 0.030684380032206037 0.07666666666666666
2 0.39467391304347826 0.4963733333333333 0.08760869565217395 0.11626666666666664
2 0.39029790660225444 0.52148 0.0853462157809984 0.09080000000000003
2 0.3567351046698873 0.5403866666666666 0.1094766505636071 0.12472000000000003
2 0.34481884057971013 0.54996 0.11218196457326891 0.1350133333333334
2 0.32051529790660227 0.5610933333333333 0.11830917874396135 0.15690666666666667
2 0.2320571658615137 0.59436 0.1580756843800322 0.2129333333333333
2 0.1957769726247987 0.6160933333333333 0.21392109500805154 0.24312000000000003
2 0.09436392914653785 0.73368 0.1887278582930757 0.42384000000000005
2 0.8252455716586151 0.7293466666666666 0.3478985507246377 0.5359733333333333
3 0.5285024154589373 0.4824133333333333 0.03151368760064411 0.09128000000000004
