2 0.4266317485898469 0.5093351063829787 0.017824335213537473 0.047340425531914844
2 0.4839846897663175 0.567845744680851 0.06922643029814672 0.18478723404255315
2 0.08228444802578565 0.7512632978723405 0.1645688960515713 0.4369414893617021
2 0.0594842868654311 0.585970744680851 0.1189685737308622 0.2994414893617021
2 0.20497985495568088 0.6194813829787233 0.12346494762288476 0.2219414893617021
2 0.39363416599516515 0.5461170212765958 0.042352941176470545 0.13010638297872346
2 0.2692465753424657 0.5586037234042553 0.07058017727639003 0.13476063829787238
2 0.19117244157937147 0.5569148936170212 0.08132957292506042 0.12957446808510636
2 0.3172965350523771 0.5299867021276595 0.03810636583400485 0.08513297872340422
2 0.23281224818694596 0.5153856382978723 0.059000805801772735 0.12486702127659571
2 0.3342546333601934 0.520904255319149 0.029153908138597865 0.06744680851063825
2 0.3521756647864625 0.4924601063829787 0.02304593070104756 0.08795212765957444
