2 0.5642391304347826 0.5533733333333333 0.057173913043478256 0.14637333333333336
2 0.14356682769726248 0.77512 0.28713365539452496 0.44442666666666664
2 0.80256038647343 0.5398000000000001 0.2076650563607085 0.19826666666666665
2 0.7503260869565217 0.4967733333333333 0.16020128824476662 0.21082666666666666
2 0.35527777777777775 0.5548933333333333 0.054066022544283394 0.12802666666666665
2 0.25930756843800323 0.6227600000000001 0.10761674718196457 0.20509333333333332
2 0.6806239935587762 0.5027466666666667 0.1141626409017713 0.13423999999999991
2 0.39407004830917874 0.5311199999999999 0.03530595813204511 0.08282666666666667
2 0.9115297906602253 0.45813333333333334 0.10531400966183571 0.11322666666666668
2 0.8719484702093399 0.45632 0.09962962962962954 0.09173333333333335
2 0.9690338164251208 0.4351466666666667 0.06032206119162647 0.16714666666666667
