2 0.10698470209339775 0.6394533333333333 0.2139694041867955 0.7157599999999998
2 0.8534661835748794 0.7507733333333334 0.2914573268921095 0.49311999999999995
2 0.7094001610305959 0.6546933333333332 0.15334138486312393 0.36527999999999994
2 0.06561191626409017 0.5305733333333333 0.13122383252818035 0.4583733333333334
2 0.682169887278583 0.5366 0.09809178743961347 0.26503999999999994
2 0.49191223832528186 0.49096 0.03421095008051531 0.11930666666666662
2 0.7340660225442834 0.44387999999999994 0.15085346215780998 0.1875466666666667
2 0.37129227053140096 0.51272 0.04314814814814813 0.09013333333333329
2 0.3184178743961353 0.4942133333333333 0.05176328502415461 0.12362666666666662
2 0.5991505636070853 0.4921466666666667 0.0464814814814815 0.08850666666666666
2 0.5375281803542672 0.4415866666666666 0.024476650563607066 0.08866666666666666
3 0.5063204508856682 0.42833333333333334 0.023671497584541044 0.1230666666666666
2 0.22545491143317228 0.5120533333333334 0.06393719806763287 0.09248000000000002
