2 0.49598228663446053 0.53076 0.04789049919484704 0.12893333333333332
2 0.21401771336553946 0.6403733333333332 0.18270531400966183 0.2817066666666666
2 0.28153381642512076 0.6036 0.13817230273752015 0.20474666666666666
2 0.33660628019323674 0.5422933333333334 0.08227858293075684 0.13695999999999994
2 0.42069243156199676 0.5596266666666667 0.0629790660225443 0.13343999999999998
2 0.3872987117552335 0.5144533333333333 0.06007246376811595 0.08581333333333327
2 0.7536151368760065 0.57948 0.31950080515297913 0.8286666666666667
2 0.601622383252818 0.5733199999999999 0.09034621578099841 0.2023733333333333
2 0.5731602254428342 0.54948 0.06322866344605473 0.13634666666666664
2 0.556694847020934 0.5167333333333334 0.04319645732689209 0.12045333333333337
2 0.5253824476650564 0.49877333333333335 0.024307568438003264 0.062240000000000004
2 0.061368760064412234 0.6595466666666666 0.12273752012882447 0.27568
2 0.15500805152979066 0.5498266666666667 0.16549114331723028 0.2881333333333333
2 0.49296698872785827 0.5088666666666666 0.031183574879227068 0.09421333333333336
2 0.040257648953301126 0.5700133333333333 0.08051529790660225 0.15458666666666665
