2 0.11094605475040256 0.7782933333333334 0.22189210950080512 0.43301333333333336
2 0.34546296296296297 0.6539200000000001 0.10459742351046697 0.25205333333333335
2 0.2276731078904992 0.6747733333333333 0.14122383252818038 0.2706133333333332
1 0.6852898550724638 0.64084 0.10130434782608691 0.28439999999999993
2 0.9589975845410629 0.5775866666666667 0.08039452495974228 0.29037333333333337
1 0.724669887278583 0.6619733333333333 0.11281803542673108 0.33808
0 0.14137278582930754 0.6320399999999999 0.03005636070853463 0.2599733333333333
2 0.4188526570048309 0.5725866666666667 0.0414090177133655 0.12191999999999999
2 0.4425523349436394 0.5429466666666667 0.021642512077294684 0.06669333333333338
2 0.4512640901771337 0.5175866666666666 0.018180354267310822 0.07080000000000003
2 0.5473429951690821 0.5447066666666666 0.07573268921095012 0.0995466666666667
2 0.5190297906602255 0.5353333333333333 0.052101449275362345 0.0726933333333333
2 0.3918317230273752 0.5783066666666666 0.06855877616747184 0.20279999999999995
