2 0.7885668276972625 0.49866666666666665 0.34062801932367154 0.9973333333333333
2 0.6319001610305958 0.5792666666666667 0.12233494363929141 0.33000000000000007
2 0.5894565217391304 0.5653066666666666 0.07751207729468597 0.18650666666666665
2 0.5382648953301128 0.5374266666666666 0.047995169082125616 0.11282666666666667
2 0.07268115942028985 0.6085066666666666 0.08286634460547503 0.16186666666666671
1 0.40075684380032206 0.5247466666666667 0.0119484702093398 0.10080000000000003
2 0.37457326892109505 0.5491999999999999 0.03673107890499191 0.09824000000000001
2 0.5077214170692431 0.5202933333333334 0.043526570048309225 0.10357333333333334
2 0.47376811594202906 0.5177733333333333 0.03009661835748792 0.06616000000000001
1 0.4155273752012883 0.52132 0.01261674718196454 0.09208
