2 0.4941539081385979 0.5653989361702128 0.06972602739726025 0.2095744680851064
2 0.032171635777598705 0.676688829787234 0.06434327155519741 0.30561170212765953
2 0.11510878323932312 0.7455585106382978 0.23021756647864625 0.503563829787234
2 0.33587832393231265 0.5740957446808511 0.08137792103142627 0.16622340425531915
2 0.2664665592264303 0.5531648936170213 0.08340854149879129 0.14441489361702123
2 0.3898549556809025 0.5327925531914893 0.05332796132151486 0.11473404255319153
2 0.05521756647864626 0.599561170212766 0.11043513295729251 0.2111968085106383
2 0.15282433521353747 0.5515292553191489 0.0974617244157937 0.13928191489361702
2 0.32095487510072523 0.4995877659574468 0.04157131345688963 0.09114361702127655
2 0.5498066075745366 0.5012765957446809 0.017340854149879206 0.03872340425531915
