2 0.9463807189542484 0.5648648648648649 0.10560457516339869 0.13837837837837835
2 0.8943464052287583 0.5631216216216216 0.1012745098039216 0.13175675675675677
2 0.8258986928104575 0.5618783783783784 0.0946241830065359 0.14191891891891897
2 0.506123366013072 0.5077432432432433 0.027802287581699326 0.08197297297297301
1 0.7637745098039216 0.6285810810810811 0.1436601307189542 0.42581081081081085
1 0.9708129084967322 0.658337837837838 0.056740196078431414 0.5034864864864865
1 0.19903186274509804 0.6311486486486486 0.09317810457516339 0.37932432432432434
0 0.15477532679738562 0.46767567567567575 0.010890522875817004 0.12843243243243246
0 0.1420220588235294 0.5044189189189189 0.02097222222222221 0.18883783783783786
0 0.11660130718954248 0.4949864864864865 0.024232026143790858 0.19224324324324324
0 0.8809763071895426 0.7005270270270271 0.09504084967320266 0.5935405405405406
0 0.8798611111111112 0.6746081081081081 0.0727124183006536 0.5604054054054054
0 0.9698080065359478 0.6807837837837838 0.058750000000000066 0.6248648648648649
