2 0.49430756843800316 0.52456 0.03723027375201289 0.1166933333333333
2 0.8873631239935588 0.7273999999999999 0.22366344605475036 0.5398666666666666
2 0.7589814814814815 0.6450133333333333 0.20351851851851852 0.34384000000000003
2 0.3870128824476651 0.5166133333333334 0.033816425120772944 0.06810666666666665
2 0.10434380032206118 0.7070133333333333 0.20868760064412237 0.3566933333333333
2 0.6158454106280193 0.5317333333333333 0.10735909822866338 0.15226666666666663
2 0.5760265700483091 0.51664 0.07984702093397743 0.10592
2 0.5473148148148149 0.4898799999999999 0.05905797101449277 0.09101333333333339
2 0.3545209339774557 0.50212 0.03414653784218999 0.07079999999999995
2 0.3707608695652174 0.49626666666666663 0.02752818035426731 0.060160000000000005
2 0.4092471819645732 0.48933333333333334 0.01894524959742349 0.037653333333333344
2 0.33092190016103057 0.49971999999999994 0.021650563607085335 0.052400000000000016
