2 0.11377616747181965 0.8282533333333334 0.2275523349436393 0.33816
2 0.8380877616747182 0.7539866666666667 0.3222141706924316 0.4866933333333333
2 0.8713768115942029 0.5744133333333333 0.2528824476650563 0.24514666666666668
2 0.35845410628019325 0.5770133333333333 0.08521739130434786 0.18933333333333333
2 0.5985547504025764 0.57356 0.07731884057971013 0.18925333333333333
2 0.3866747181964573 0.5172533333333333 0.06694041867954915 0.19839999999999994
2 0.5704991948470209 0.54484 0.0643961352657004 0.14584
2 0.2693599033816425 0.48718666666666666 0.1444685990338164 0.17511999999999997
2 0.4977214170692431 0.4780533333333333 0.02095008051529789 0.07610666666666664
2 0.6442552334943639 0.4502933333333334 0.08915458937198069 0.11402666666666672
