2 0.5049315619967794 0.5401066666666666 0.050040257648953375 0.13450666666666666
2 0.09944041867954911 0.73624 0.19888083735909823 0.5221866666666666
2 0.34102657004830916 0.58012 0.13759259259259257 0.19799999999999998
2 0.38249597423510473 0.5317866666666667 0.07893719806763287 0.12976
2 0.3995450885668277 0.5173599999999999 0.07746376811594206 0.11151999999999998
2 0.42008051529790663 0.5025733333333333 0.06304347826086958 0.08194666666666671
2 0.44638486312399356 0.4704133333333333 0.05491143317230277 0.09442666666666673
2 0.8861352657004831 0.6885199999999999 0.2261191626409018 0.6176266666666667
0 0.7533695652173913 0.7434133333333333 0.08105475040257645 0.50784
2 0.7259541062801932 0.6545466666666666 0.16442028985507248 0.30439999999999995
2 0.644182769726248 0.5872266666666667 0.0924396135265701 0.18581333333333336
2 0.6102858293075685 0.5327866666666666 0.07087761674718195 0.16866666666666666
0 0.5623993558776167 0.5068266666666666 0.01288244766505636 0.09280000000000002
2 0.6605193236714976 0.5080799999999999 0.08055555555555552 0.10325333333333332
2 0.1448832528180354 0.5896 0.18124798711755236 0.2339199999999999
2 0.24221014492753623 0.5458666666666666 0.10332528180354268 0.16133333333333333
2 0.5018115942028986 0.50352 0.028969404186795507 0.08746666666666669
2 0.04772141706924316 0.6420399999999999 0.09544283413848632 0.3082933333333333
2 0.28601449275362323 0.5277866666666667 0.06611916264090177 0.1309866666666666
2 0.7625603864734298 0.49084 0.12149758454106278 0.15271999999999994
2 0.06131239935587762 0.5492266666666666 0.12262479871175525 0.17151999999999998
