1 0.7002859477124184 0.529864864864865 0.05506535947712417 0.2707567567567567
0 0.9290318627450981 0.6342162162162163 0.14030228758169935 0.7261621621621622
0 0.7640849673202614 0.4730945945945947 0.017107843137254948 0.16591891891891897
0 0.47711601307189544 0.6084864864864865 0.041846405228758196 0.39010810810810814
0 0.4089828431372549 0.5927297297297298 0.052050653594771276 0.3747027027027027
0 0.4391053921568628 0.5812702702702703 0.05142973856209154 0.4181621621621622
0 0.7067810457516339 0.5123648648648649 0.02950980392156863 0.20743243243243245
0 0.8960866013071895 0.5093108108108109 0.03642156862745092 0.2404054054054054
0 0.9268382352941177 0.4914594594594595 0.039183006535947744 0.2767027027027027
0 0.9081944444444445 0.5199054054054054 0.027434640522875944 0.2267297297297298
2 0.49874183006535955 0.4582432432432433 0.014836601307189516 0.05545945945945949
