2 0.6989533011272142 0.6676533333333333 0.2145410628019324 0.50608
2 0.07518115942028986 0.7502133333333333 0.1503623188405797 0.49424
2 0.10936795491143318 0.6967466666666667 0.21873590982286636 0.38272
2 0.14501610305958132 0.6197733333333334 0.23141706924315622 0.2866400000000001
2 0.24880032206119163 0.5510266666666667 0.19692431561996782 0.2611466666666667
2 0.21329710144927533 0.5922666666666667 0.17878421900161032 0.2620266666666667
2 0.6144001610305958 0.5893866666666666 0.10144122383252818 0.22165333333333326
2 0.27250805152979063 0.5396 0.13578904991948468 0.21685333333333331
2 0.3093438003220612 0.54884 0.11799516908212561 0.16226666666666673
2 0.31710547504025766 0.53392 0.1247906602254428 0.15589333333333327
2 0.36495571658615134 0.5092 0.08625603864734299 0.10490666666666668
2 0.38382850241545896 0.4920399999999999 0.06933172302737517 0.10834666666666673
2 0.5411996779388083 0.51328 0.03644122383252817 0.09434666666666665
2 0.5787681159420289 0.5513733333333333 0.06590982286634461 0.1671733333333334
2 0.5272101449275362 0.4922133333333333 0.026964573268921103 0.07930666666666661
