2 0.49484702093397737 0.5271733333333333 0.03676328502415457 0.11519999999999997
2 0.8829428341384863 0.70464 0.23250402576489532 0.5853866666666667
2 0.7739573268921095 0.65832 0.19279388083735913 0.37797333333333333
2 0.6961231884057971 0.5975866666666666 0.1636795491143317 0.24845333333333336
2 0.4024718196457327 0.5060666666666667 0.02756843800322062 0.057466666666666694
2 0.25829307568438004 0.5980800000000001 0.10162640901771339 0.1890666666666667
2 0.600036231884058 0.5248133333333334 0.09540257648953301 0.13143999999999997
2 0.5679790660225443 0.5114666666666666 0.07156199677938808 0.09472000000000003
2 0.5437157809983897 0.48867999999999995 0.05514492753623189 0.08456000000000002
2 0.36236714975845413 0.4981466666666667 0.03143317230273749 0.0663733333333333
2 0.37700885668276973 0.4973866666666666 0.02561191626409018 0.056906666666666675
2 0.41219001610305955 0.4863866666666667 0.018035426731078885 0.036186666666666645
2 0.3391545893719807 0.4952533333333333 0.020112721417069258 0.04954666666666662
