2 0.08485104669887279 0.7787333333333333 0.16970209339774558 0.4372
0 0.7310024154589372 0.5455733333333332 0.03338969404186798 0.2839999999999999
2 0.7673872785829308 0.70228 0.21057165861513677 0.4222133333333333
2 0.6693196457326893 0.6099466666666666 0.11508051529790655 0.23850666666666664
2 0.3531884057971014 0.6048 0.10553945249597423 0.23402666666666672
2 0.399597423510467 0.5696533333333333 0.06392914653784217 0.15743999999999997
2 0.6128985507246377 0.5600133333333333 0.06961352657004834 0.15928000000000003
2 0.4278502415458937 0.5399733333333333 0.04734299516908209 0.13141333333333333
2 0.4714170692431562 0.5245333333333333 0.0434299516908213 0.09642666666666666
2 0.5900563607085346 0.5361466666666667 0.03805152979066022 0.11810666666666664
2 0.5476489533011273 0.50816 0.04285024154589365 0.06992
