2 0.6714895330112721 0.6575733333333333 0.15784219001610303 0.3972266666666666
2 0.11627616747181964 0.6928133333333333 0.23255233494363928 0.40781333333333325
2 0.16218196457326892 0.6251866666666667 0.24756843800322062 0.30973333333333325
2 0.19460144927536233 0.5811333333333334 0.18237520128824475 0.30365333333333333
2 0.23648550724637685 0.58212 0.1465619967793881 0.18568000000000007
2 0.3084138486312399 0.5641466666666667 0.12505636070853463 0.15698666666666666
2 0.33472222222222225 0.5548533333333333 0.11284219001610309 0.1495466666666667
2 0.33946859903381643 0.5361999999999999 0.08861513687600645 0.14392
2 0.3500805152979066 0.5266533333333333 0.1077938808373591 0.13106666666666666
2 0.3725644122383253 0.5237466666666666 0.07612721417069244 0.09992
2 0.390378421900161 0.49461333333333335 0.06734299516908211 0.10373333333333334
1 0.46508454106280195 0.4901733333333333 0.0060628019323671276 0.05197333333333336
2 0.5611070853462158 0.5498533333333333 0.0472383252818036 0.12514666666666668
2 0.6191062801932368 0.5161733333333333 0.08705314009661837 0.11880000000000003
2 0.5170410628019323 0.49829333333333337 0.019621578099838975 0.04986666666666671
