2 0.392749183006536 0.5399864864864865 0.07051470588235295 0.1613783783783784
1 0.7177900326797386 0.4652702702702703 0.05005718954248365 0.14616216216216213
1 0.6613112745098039 0.46772972972972976 0.04169117647058831 0.1298918918918919
0 0.4361928104575164 0.4918918918918919 0.019542483660130686 0.1316216216216216
1 0.5522712418300654 0.4675810810810811 0.029673202614379033 0.09121621621621623
0 0.3488807189542484 0.5008918918918919 0.01900326797385625 0.14372972972972967
1 0.26995098039215687 0.535418918918919 0.04933006535947712 0.14921621621621625
0 0.30894199346405227 0.5191216216216216 0.0193872549019608 0.1358108108108108
0 0.36832924836601305 0.5080675675675677 0.010531045751633977 0.14256756756756758
2 0.8830841503267974 0.43806756756756754 0.08989379084967318 0.0875945945945946
