2 0.27659420289855075 0.68232 0.16466988727858295 0.31647999999999993
2 0.12611916264090176 0.7591466666666666 0.2522383252818035 0.47637333333333326
2 0.680877616747182 0.5508000000000001 0.10533011272141701 0.2021866666666667
2 0.36486312399355875 0.5908666666666667 0.08600644122383252 0.19586666666666672
2 0.4108896940418679 0.5629866666666666 0.05168276972624794 0.12938666666666662
2 0.4265700483091788 0.5458533333333333 0.04330112721417072 0.10680000000000002
2 0.5514412238325281 0.53548 0.04146537842190016 0.11650666666666666
2 0.6794444444444444 0.5126266666666667 0.1331723027375202 0.14775999999999997
2 0.5665297906602255 0.5286666666666666 0.048019323671497666 0.09605333333333328
2 0.595523349436393 0.5095866666666666 0.0499194847020934 0.08989333333333327
2 0.5484299516908212 0.47034666666666664 0.031755233494363974 0.03456000000000002
