2 0.49357775987107166 0.5171542553191489 0.018726833199033045 0.05143617021276597
2 0.1494923448831587 0.7296808510638298 0.24826752618855763 0.45771276595744687
2 0.07553585817888799 0.6028457446808511 0.15107171635777597 0.321595744680851
2 0.6524375503626108 0.6615292553191489 0.1609750201450443 0.3515691489361702
2 0.32510878323932313 0.5881648936170212 0.07991941982272362 0.16680851063829785
2 0.23120467365028202 0.5506781914893617 0.10463336019339244 0.18981382978723405
2 0.36883158742949235 0.5606648936170213 0.052393231265108815 0.12031914893617024
2 0.46797340854149877 0.5346542553191489 0.034609186140209545 0.10648936170212771
2 0.30711522965350524 0.5398138297872341 0.05350523771152294 0.09914893617021277
2 0.4042103142626914 0.5243218085106383 0.0239403706688155 0.06561170212765954
2 0.3355842062852538 0.5136303191489362 0.040483481063658344 0.09816489361702134
2 0.42102739726027394 0.49268617021276595 0.01683319903303795 0.07393617021276598
