2 0.4955278001611604 0.555784574468085 0.06154713940370668 0.18502659574468083
2 0.022038678485092666 0.6938962765957446 0.04407735697018533 0.34242021276595735
2 0.1280419016921837 0.7420478723404255 0.2560838033843674 0.5105851063829787
2 0.2045326349717969 0.5886968085106383 0.11862207896857373 0.1801063829787234
2 0.33170829975825944 0.5863031914893616 0.09724415793714747 0.2101063829787234
2 0.38987107171635776 0.5374202127659574 0.04583400483481063 0.10234042553191486
2 0.4166398066075745 0.5187632978723404 0.03553585817888801 0.08172872340425529
2 0.19558420628525383 0.5551196808510638 0.09257050765511686 0.1279521276595745
2 0.25284448025785655 0.5359840425531914 0.05703464947622887 0.0968085106382978
2 0.34996776792908946 0.49686170212765957 0.03145850120870263 0.0735106382978723
2 0.5172643029814665 0.49938829787234046 0.015366639806607614 0.0398936170212766
