2 0.1334903381642512 0.7761466666666667 0.2669806763285024 0.4423733333333333
2 0.3935547504025765 0.5921066666666667 0.07369565217391302 0.19861333333333323
2 0.4309219001610306 0.55264 0.04187600644122387 0.11957333333333334
2 0.4467028985507246 0.5050133333333333 0.03522544283413848 0.12885333333333332
2 0.15179549114331725 0.7093866666666666 0.21286634460547504 0.37642666666666674
2 0.5984943639291465 0.5533733333333333 0.11442834138486313 0.14706666666666668
2 0.5799637681159421 0.5404533333333333 0.09596618357487918 0.11072000000000003
2 0.5466022544283414 0.52116 0.06785829307568436 0.09335999999999997
2 0.4649396135265701 0.5040533333333334 0.024339774557165877 0.07616
2 0.3139573268921095 0.64272 0.1730998389694042 0.4554666666666667
1 0.9425764895330111 0.5846 0.11323671497584549 0.34674666666666665
