2 0.48625603864734296 0.5701200000000001 0.048099838969404195 0.13288000000000003
2 0.1909339774557166 0.64292 0.15231884057971015 0.28269333333333335
2 0.3289613526570048 0.7145600000000001 0.16436392914653783 0.3394133333333334
2 0.3827375201288245 0.6197066666666667 0.07919484702093395 0.22181333333333333
2 0.40328099838969406 0.5837733333333333 0.06073268921095008 0.1534666666666667
2 0.3280515297906602 0.5664933333333333 0.08808373590982285 0.1326133333333334
2 0.44550322061191633 0.5283333333333333 0.024533011272141636 0.06317333333333333
0 0.97567230273752 0.7594666666666666 0.04704508856682775 0.47573333333333334
2 0.8229186795491144 0.7653466666666666 0.3525523349436393 0.46397333333333335
2 0.6604750402576489 0.7058666666666666 0.16383252818035418 0.33957333333333334
2 0.5932971014492754 0.5955066666666666 0.07962157809983905 0.21016000000000007
2 0.5275684380032206 0.5433866666666666 0.033075684380032146 0.08506666666666668
3 0.5244323671497585 0.4795466666666666 0.04121578099838974 0.1620266666666667
2 0.2247504025764895 0.5418799999999999 0.06030595813204507 0.08456000000000002
2 0.4809178743961352 0.5382399999999999 0.030193236714975844 0.09248000000000002
2 0.11987922705314008 0.5536933333333333 0.0932367149758454 0.12024
