2 0.9471364379084968 0.5692837837837837 0.10409313725490203 0.13883783783783785
2 0.8944240196078432 0.5627432432432433 0.10236111111111108 0.13181081081081078
2 0.8257148692810459 0.562554054054054 0.09474673202614381 0.142027027027027
2 0.506233660130719 0.5071351351351351 0.02792483660130724 0.08194594594594601
0 0.9384027777777778 0.678445945945946 0.06726307189542478 0.5267837837837839
0 0.9458986928104577 0.6782837837837838 0.04514705882352941 0.4492162162162162
0 0.5998651960784314 0.6112837837837838 0.05419117647058818 0.3836486486486486
0 0.22337418300653597 0.5236621621621622 0.01797385620915033 0.2034324324324324
0 0.2730923202614379 0.5200270270270271 0.024240196078431385 0.19691891891891897
0 0.2835825163398693 0.5327162162162163 0.015253267973856222 0.20570270270270266
0 0.3107638888888889 0.5578243243243243 0.03077614379084964 0.2631081081081081
0 0.35254901960784313 0.5520270270270271 0.03214052287581697 0.2320540540540541
0 0.21078839869281046 0.5389594594594596 0.02886437908496733 0.23948648648648646
0 0.24722222222222226 0.5418378378378379 0.028055555555555535 0.23237837837837835
0 0.27383578431372546 0.5488513513513513 0.024240196078431385 0.20781081081081088
0 0.24520424836601307 0.5338783783783784 0.0357516339869281 0.20916216216216213
