2 0.49976247987117545 0.5488666666666666 0.05498389694041874 0.14802666666666672
2 0.7325161030595813 0.6166133333333332 0.21707729468599027 0.5709333333333332
2 0.10702495974235106 0.5225333333333333 0.14471014492753623 0.22037333333333337
2 0.2595048309178744 0.5968399999999999 0.16472624798711757 0.3095200000000001
2 0.3057326892109501 0.5811733333333333 0.1409339774557166 0.2067733333333333
2 0.3438647342995169 0.5558933333333334 0.12663446054750405 0.16698666666666667
2 0.3948913043478261 0.5260266666666666 0.07702898550724635 0.12282666666666667
2 0.42976650563607083 0.48951999999999996 0.05507246376811597 0.07285333333333331
2 0.604219001610306 0.5476 0.06921095008051524 0.1445333333333333
2 0.5770772946859903 0.5223733333333332 0.05035426731078902 0.12634666666666672
0 0.5487037037037037 0.5075066666666667 0.018115942028985508 0.10802666666666663
2 0.49347423510466987 0.5097866666666667 0.03194041867954917 0.09653333333333337
2 0.21191626409017714 0.4927733333333334 0.07584541062801933 0.10090666666666667
