2 0.8934541062801933 0.6598533333333333 0.21148148148148146 0.67496
2 0.430390499194847 0.5228533333333333 0.048671497584541056 0.1766933333333333
2 0.782902576489533 0.46535999999999994 0.2205072463768116 0.27930666666666665
2 0.2547463768115942 0.5635333333333333 0.07793075684380034 0.13943999999999998
2 0.1722061191626409 0.54072 0.09648953301127214 0.18938666666666668
2 0.3619645732689211 0.5062933333333334 0.03840579710144931 0.09797333333333327
2 0.581610305958132 0.5187733333333334 0.06780998389694044 0.1250666666666667
2 0.46092592592592596 0.4809466666666667 0.028309178743961327 0.08253333333333338
2 0.4922463768115942 0.45143999999999995 0.029629629629629593 0.10634666666666664
2 0.6283091787439614 0.5072666666666668 0.07148148148148147 0.13191999999999998
2 0.9528421900161029 0.4384133333333333 0.09270531400966192 0.19533333333333333
3 0.45497181964573274 0.43788 0.030410628019323656 0.15
2 0.043091787439613526 0.5792666666666666 0.08618357487922705 0.14845333333333338
