2 0.07365136876006441 0.7064400000000001 0.14730273752012882 0.4679733333333334
2 0.11511272141706924 0.6076933333333334 0.23022544283413848 0.4388
1 0.37917874396135265 0.5723733333333333 0.027987117552334937 0.1858666666666667
2 0.9309500805152979 0.7502666666666667 0.13648953301127212 0.49413333333333337
2 0.8606441223832528 0.6903999999999999 0.2771014492753623 0.3997333333333334
2 0.7743317230273752 0.6333333333333333 0.25099838969404176 0.27002666666666664
2 0.7312157809983898 0.5823333333333333 0.18764895330112727 0.26418666666666674
2 0.2904991948470209 0.56028 0.13611916264090176 0.1454666666666666
2 0.31955314009661834 0.5480266666666667 0.11144122383252815 0.12741333333333332
2 0.5306602254428341 0.53736 0.04502415458937195 0.1097066666666667
2 0.5093478260869565 0.5073466666666666 0.024524959742351075 0.06861333333333337
2 0.4910305958132045 0.4728 0.013542673107890448 0.05317333333333332
