2 0.45390813859790485 0.5337367021276596 0.04286865431103943 0.12896276595744682
2 0.33867042707493955 0.5951861702127659 0.0950846091861402 0.2345212765957447
2 0.03298549556809025 0.6851595744680851 0.0659709911361805 0.33276595744680854
2 0.21445608380338435 0.5799202127659575 0.10349717969379535 0.17196808510638298
2 0.09444802578565673 0.5456382978723404 0.13974214343271554 0.21936170212765962
2 0.3624899274778405 0.5532313829787233 0.0497502014504432 0.12449468085106376
2 0.28996373892022564 0.5450132978723404 0.056784850926672015 0.10922872340425538
2 0.21597904915390811 0.5378457446808511 0.05824335213537472 0.09414893617021278
2 0.3433440773569702 0.49414893617021277 0.037228041901692176 0.12281914893617016
3 0.40768331990330375 0.4645744680851064 0.020829975825946836 0.10920212765957447
