0 0.5857148626817448 0.6206283422459893 0.0527705977382875 0.4178877005347593
0 0.6425888529886915 0.5973930481283423 0.0522374798061389 0.419812834224599
0 0.18574717285945072 0.5984759358288769 0.03903877221324718 0.3110160427807487
0 0.5018861066235865 0.5315775401069518 0.020735056542810954 0.1995187165775401
0 0.6037924071082391 0.5590641711229947 0.032851373182552566 0.3002139037433156
0 0.9333037156704364 0.6345855614973261 0.0864297253634895 0.5797058823529412
0 0.9553190630048466 0.5821925133689839 0.05519386106623581 0.4563101604278075
0 0.24592084006462037 0.6205080213903743 0.051696284329563816 0.34957219251336896
0 0.195048465266559 0.6273663101604278 0.03473344103392571 0.3685294117647059
0 0.8411954765751213 0.5583556149732619 0.04334410339256864 0.3981550802139036
2 0.435751211631664 0.4952540106951871 0.04266558966074318 0.14082887700534763
2 0.3445315024232633 0.5065106951871657 0.08098546042003235 0.21574866310160426
2 0.37636510500807757 0.49741978609625664 0.05011308562197089 0.15970588235294123
