2 0.17294685990338166 0.7583866666666665 0.3458937198067633 0.47789333333333334
2 0.5680394524959742 0.5504533333333334 0.07424315619967797 0.17205333333333336
2 0.8350201288244766 0.7581333333333333 0.3283494363929146 0.4784
2 0.2740901771336554 0.6747733333333333 0.1793880837359098 0.36901333333333336
0 0.19921900161030595 0.61908 0.03674718196457326 0.3992266666666666
0 0.24349033816425117 0.58384 0.021215780998389666 0.30026666666666674
2 0.4354106280193237 0.5155599999999999 0.034476650563607124 0.10221333333333336
2 0.533244766505636 0.51064 0.041497584541062775 0.10575999999999999
0 0.24993558776167474 0.6178266666666666 0.022447665056360706 0.3089333333333334
2 0.5147504025764895 0.4858666666666666 0.022318840579710075 0.07679999999999995
