2 0.11280595813204508 0.49866666666666665 0.22561191626409016 0.9973333333333333
2 0.43896135265700487 0.51208 0.016843800322061158 0.050559999999999945
2 0.21812801932367146 0.51408 0.04301932367149759 0.0756266666666667
2 0.24828502415458936 0.5161733333333333 0.036956521739130416 0.05954666666666662
2 0.8146739130434782 0.5577466666666666 0.07078099838969401 0.08397333333333336
2 0.27756038647342995 0.5118666666666666 0.02966183574879225 0.05375999999999999
2 0.4503099838969404 0.5035066666666667 0.015901771336553946 0.042800000000000026
2 0.4740539452495975 0.5501333333333334 0.042777777777777776 0.14117333333333332
2 0.1748953301127214 0.52788 0.05380032206119162 0.07650666666666665
1 0.7048631239935588 0.5449999999999999 0.01995169082125611 0.10973333333333327
2 0.8777576489533012 0.5588 0.05836553945249598 0.07765333333333334
