2 0.1564950980392157 0.7545000000000001 0.3129901960784314 0.4855945945945946
0 0.576482843137255 0.5576081081081081 0.05419117647058818 0.3013783783783784
1 0.9122385620915032 0.45137837837837835 0.05001633986928107 0.13491891891891888
0 0.35917075163398693 0.5825810810810811 0.06476307189542482 0.3151081081081082
0 0.35950980392156867 0.5854054054054055 0.049019607843137254 0.3520540540540541
1 0.7875245098039216 0.48414864864864865 0.026633986928104595 0.16656756756756758
0 0.09934232026143791 0.5918648648648649 0.026413398692810446 0.23399999999999996
0 0.08845179738562092 0.6061891891891892 0.02914215686274509 0.2282162162162162
1 0.3442892156862745 0.5820675675675676 0.08875816993464056 0.2826216216216215
0 0.059309640522875816 0.5936756756756757 0.03486111111111112 0.2951351351351351
2 0.9761437908496732 0.47218918918918923 0.0460784313725491 0.1178918918918919
2 0.38430555555555557 0.4877027027027027 0.026094771241830066 0.06329729729729727
