2 0.06784621578099839 0.7109733333333333 0.13569243156199678 0.4357066666666667
2 0.12752415458937197 0.6726533333333333 0.25504830917874394 0.32802666666666663
2 0.17106280193236714 0.61348 0.23956521739130437 0.26018666666666657
2 0.2582246376811594 0.585 0.15345410628019324 0.20103999999999997
2 0.28402979066022543 0.56052 0.1474476650563607 0.21757333333333334
1 0.4320410628019324 0.5480666666666667 0.013244766505636107 0.10280000000000003
2 0.8765499194847021 0.8036533333333333 0.24528985507246376 0.38736
2 0.8880394524959742 0.69768 0.2223107890499195 0.45167999999999997
2 0.8425442834138487 0.6630133333333333 0.2481320450885668 0.31898666666666664
2 0.75597423510467 0.6288533333333333 0.1771980676328503 0.23610666666666655
2 0.7168639291465378 0.5962933333333333 0.12735104669887276 0.19872
2 0.6818719806763285 0.5900133333333333 0.14437198067632845 0.18050666666666665
2 0.6515458937198068 0.5758266666666667 0.12975845410628017 0.14248000000000002
2 0.6382648953301128 0.5548799999999999 0.10566022544283415 0.15322666666666668
2 0.3602898550724638 0.5516533333333333 0.09019323671497582 0.09973333333333334
2 0.3775322061191626 0.5476 0.076658615136876 0.09050666666666665
2 0.5265901771336554 0.5412933333333334 0.03224637681159417 0.08157333333333334
2 0.5119645732689211 0.5196533333333333 0.01969404186795494 0.05626666666666665
2 0.49726247987117556 0.49084 0.012302737520128802 0.04781333333333335
