2 0.49878824476650563 0.5294 0.04847826086956525 0.13064
2 0.0935829307568438 0.7542666666666668 0.1871658615136876 0.48613333333333336
2 0.1918840579710145 0.6617333333333333 0.18906602254428342 0.31456
2 0.2985708534621578 0.5554266666666667 0.1018276972624799 0.17474666666666666
2 0.40090982286634463 0.5844933333333333 0.08740740740740746 0.17805333333333329
2 0.3700925925925926 0.51908 0.06857487922705316 0.10018666666666665
2 0.8323631239935588 0.49866666666666665 0.3336634460547504 0.9973333333333333
0 0.6939935587761675 0.6459866666666667 0.0332850241545894 0.3546933333333333
2 0.6524476650563606 0.6219866666666667 0.14117552334943642 0.29890666666666676
2 0.6008252818035427 0.5729733333333333 0.08838164251207728 0.18120000000000003
2 0.5718156199677938 0.5230666666666666 0.05493558776167464 0.14709333333333333
2 0.5316706924315621 0.5015999999999999 0.02754428341384866 0.06970666666666663
3 0.5300925925925926 0.45092 0.03656199677938815 0.14103999999999997
2 0.0792512077294686 0.57464 0.1585024154589372 0.4205866666666667
2 0.4931682769726248 0.5044933333333333 0.03084541062801928 0.09319999999999996
2 0.20556763285024154 0.51696 0.06474235104669884 0.09210666666666664
