2 0.49336553945249595 0.5484133333333333 0.04465378421900164 0.12135999999999997
2 0.12135668276972625 0.7007333333333332 0.2427133655394525 0.5932
2 0.22355877616747183 0.6375866666666666 0.17695652173913043 0.4301066666666667
2 0.3238768115942029 0.5806 0.11540257648953305 0.18258666666666665
2 0.36084138486312395 0.5448533333333333 0.10363123993558775 0.18421333333333337
2 0.3903985507246377 0.5430533333333333 0.08347020933977457 0.1075466666666667
2 0.5792028985507246 0.51416 0.07542673107890505 0.21951999999999997
2 0.48737922705314013 0.51828 0.027560386473429965 0.08333333333333333
3 0.02037842190016103 0.48248 0.04075684380032206 0.3612266666666666
2 0.3011553945249597 0.5059199999999999 0.06459742351046696 0.1606933333333333
