2 0.4694802578565673 0.518497340425532 0.03198227236099924 0.09624999999999999
2 0.2354593070104754 0.7023803191489362 0.18290894439967767 0.36337765957446816
2 0.05923045930701047 0.6855718085106383 0.11846091861402094 0.33954787234042555
2 0.014266720386784849 0.6016489361702129 0.028533440773569698 0.18617021276595752
2 0.16205076551168413 0.5998936170212766 0.13114423851732473 0.20585106382978716
2 0.2895930701047542 0.5066223404255319 0.09364222401289285 0.23898936170212762
2 0.14742546333601933 0.5655452127659574 0.10410153102336825 0.14289893617021274
2 0.32856567284448024 0.5321143617021277 0.0481385979049154 0.09699468085106383
3 0.4342264302981466 0.458218085106383 0.027324738114423916 0.13260638297872337
2 0.24089846897663178 0.5306515957446809 0.05776792908944399 0.10220744680851065
