2 0.49650161030595813 0.5256533333333333 0.03448470209339778 0.108
2 0.06872383252818036 0.6283466666666666 0.13744766505636072 0.2673066666666667
2 0.7672061191626409 0.63744 0.18610305958132053 0.3794133333333333
2 0.7059782608695653 0.5896666666666667 0.15788244766505638 0.25858666666666674
2 0.638623188405797 0.5676933333333333 0.1233816425120773 0.18882666666666667
2 0.6098590982286635 0.5414 0.10285829307568438 0.17096000000000003
2 0.6001610305958133 0.5327866666666667 0.09426731078904996 0.13288000000000003
2 0.5845571658615136 0.5216799999999999 0.0832206119162641 0.12416
2 0.4312278582930757 0.5024933333333333 0.018027375201288234 0.044293333333333365
2 0.54 0.49353333333333327 0.04365539452495967 0.05426666666666665
2 0.5311433172302737 0.48418666666666665 0.03800322061191621 0.056640000000000024
2 0.40453301127214164 0.49453333333333327 0.019726247987117508 0.04629333333333329
