0 0.47513731825525046 0.5173930481283422 0.014232633279483042 0.14323529411764704
0 0.49368336025848153 0.5116711229946524 0.014684975767366682 0.1489572192513369
0 0.31544022617124395 0.6457887700534759 0.048796445880452365 0.44157754010695194
0 0.96703957996769 0.6031550802139036 0.053255250403877276 0.4778609625668449
0 0.3318093699515347 0.5596657754010694 0.03242326332794834 0.2154812834224599
0 0.3170274636510501 0.6226203208556149 0.048158319870759296 0.3019786096256684
2 0.15829967689822294 0.6557085561497327 0.3165993537964459 0.683235294117647
0 0.6717568659127625 0.56451871657754 0.045533117932148634 0.3488235294117647
0 0.8828311793214865 0.568288770053476 0.062092084006462135 0.4271122994652407
0 0.4053998384491115 0.5077005347593583 0.01214054927302098 0.1279679144385027
2 0.3395961227786753 0.5255882352941176 0.08192245557350568 0.2187700534759358
2 0.37377625201938613 0.5046524064171123 0.04981421647819065 0.16026737967914437
