2 0.4679331184528606 0.5202260638297873 0.03244963738920224 0.09763297872340428
2 0.10232876712328766 0.7489760638297872 0.20465753424657532 0.49672872340425533
2 0.26241740531829166 0.6734840425531915 0.15468170829975825 0.31606382978723396
2 0.0816317485898469 0.6750664893617021 0.1632634971796938 0.33013297872340425
2 0.03329572925060435 0.5985505319148936 0.0665914585012087 0.18843085106382984
2 0.1916720386784851 0.5847207446808511 0.11185334407735695 0.18327127659574466
2 0.30013698630136987 0.5047074468085105 0.08473811442385175 0.22212765957446812
2 0.16856970185334408 0.5594813829787234 0.09357775987107171 0.13247340425531914
2 0.3343996776792909 0.5294015957446808 0.04485092667203865 0.09188829787234046
3 0.43330378726833196 0.45882978723404255 0.026510878323932292 0.12984042553191488
2 0.25141015310233683 0.5280452127659575 0.0536502820306205 0.09694148936170217
