2 0.7223792270531401 0.6961466666666667 0.22363123993558767 0.4531466666666666
2 0.22618760064412238 0.6446533333333333 0.15004025764895332 0.2858399999999999
2 0.9069444444444444 0.5148666666666666 0.18450080515297904 0.3231733333333333
2 0.3554871175523349 0.5566266666666667 0.06148953301127214 0.13373333333333334
2 0.3822423510466989 0.5386133333333334 0.044774557165861525 0.09930666666666661
2 0.3980716586151368 0.52916 0.035016103059581284 0.08498666666666668
2 0.8737600644122383 0.4424 0.09067632850241537 0.08816
2 0.8451771336553946 0.4399466666666667 0.08568438003220617 0.08810666666666664
2 0.8316787439613526 0.44226666666666664 0.08545088566827697 0.07583999999999999
2 0.8168156199677938 0.43455999999999995 0.0793639291465378 0.07322666666666669
