2 0.9087721417069242 0.7338 0.18084541062801934 0.5270666666666667
2 0.14258454106280194 0.7338533333333332 0.2787117552334944 0.52696
2 0.6727012882447665 0.6479199999999999 0.15870370370370362 0.34810666666666673
2 0.29898148148148146 0.6454266666666667 0.1238888888888889 0.28973333333333334
2 0.6049919484702093 0.59004 0.09376811594202901 0.20045333333333337
2 0.5650120772946859 0.4971466666666667 0.07604669887278587 0.25397333333333333
2 0.5455475040257648 0.5288666666666666 0.036956521739130416 0.11704000000000003
2 0.5401529790660226 0.5286666666666666 0.03676328502415466 0.0969066666666666
2 0.5172544283413849 0.5279066666666666 0.02426731078904991 0.06509333333333332
2 0.41982689210950075 0.5366533333333333 0.024838969404186815 0.0583733333333333
2 0.5013123993558776 0.5213466666666666 0.028727858293075736 0.06493333333333332
2 0.4788808373590982 0.5226933333333333 0.02165861513687599 0.04688000000000003
