2 0.14962157809983898 0.7639466666666667 0.29924315619967795 0.4667733333333333
0 0.6871376811594202 0.53048 0.02350241545893715 0.22421333333333335
2 0.6996819645732689 0.63484 0.1373993558776168 0.2967733333333333
2 0.6394444444444445 0.5807333333333333 0.0839130434782608 0.18818666666666664
2 0.3833373590982287 0.57832 0.0845169082125604 0.188
2 0.4174476650563607 0.5526933333333333 0.05404186795491139 0.13456
2 0.6026932367149759 0.5475599999999999 0.057930756843800266 0.1367733333333333
2 0.4413083735909823 0.5333733333333333 0.0417954911433172 0.11752000000000005
2 0.47770531400966176 0.51688 0.040144927536231896 0.08816
2 0.5880475040257649 0.5302800000000001 0.03512882447665056 0.10621333333333337
2 0.5492632850241546 0.5033066666666667 0.04079710144927533 0.06517333333333332
