2 0.7338808373590983 0.5419866666666666 0.23468599033816426 0.27341333333333334
2 0.9484460547504026 0.44512 0.10149758454106275 0.11104000000000004
2 0.920462962962963 0.45078666666666667 0.10783413848631244 0.10306666666666668
2 0.8879790660225442 0.45025333333333334 0.10518518518518527 0.10167999999999998
2 0.35271739130434787 0.5591466666666667 0.060555555555555536 0.14821333333333336
2 0.4244001610305958 0.5391333333333334 0.049492753623188425 0.12642666666666666
2 0.6701731078904992 0.4645466666666666 0.0963848631239936 0.12093333333333331
2 0.7583051529790661 0.4517066666666666 0.047495974235104585 0.08789333333333335
2 0.8453180354267311 0.4312533333333333 0.055289855072463825 0.10314666666666668
2 0.7898953301127214 0.45108 0.05302737520128826 0.07981333333333335
2 0.3767431561996779 0.54516 0.052165861513687614 0.11330666666666668
2 0.5327053140096618 0.5040399999999999 0.033043478260869535 0.07506666666666668
2 0.4888969404186796 0.50708 0.02296296296296295 0.06066666666666667
