0 0.06401368760064412 0.51068 0.015418679549114325 0.10733333333333334
0 0.08982286634460547 0.5027466666666667 0.017439613526570044 0.10064000000000002
0 0.18463768115942028 0.5066266666666667 0.02056360708534621 0.11949333333333326
0 0.4840338164251207 0.49012 0.009484702093397723 0.08904000000000004
2 0.4568558776167472 0.47297333333333336 0.038285024154589425 0.1006133333333333
2 0.4853180354267311 0.48375999999999997 0.04004025764895332 0.07616
2 0.5247624798711756 0.47837333333333326 0.04841384863123993 0.06693333333333332
2 0.6374194847020933 0.46835999999999994 0.04987922705314004 0.08797333333333335
2 0.656574074074074 0.47335999999999995 0.03776972624798709 0.059946666666666634
2 0.6912117552334943 0.4677733333333334 0.042117552334943596 0.06408
