2 0.08527375201288244 0.7952266666666666 0.17054750402576488 0.40421333333333337
2 0.2897665056360708 0.5995333333333333 0.22695652173913042 0.6515466666666667
2 0.8288607085346216 0.7187066666666666 0.3406682769726248 0.5572533333333333
2 0.0621135265700483 0.7880666666666666 0.1242270531400966 0.4185333333333333
2 0.6335950080515298 0.5677866666666667 0.18567632850241547 0.25066666666666676
2 0.4097906602254428 0.5381733333333333 0.0814170692431562 0.22733333333333333
2 0.16502012882447664 0.6970533333333333 0.19210144927536232 0.34888
2 0.537133655394525 0.5252666666666667 0.03597423510466994 0.10258666666666666
2 0.5235668276972625 0.5134266666666666 0.032447665056360674 0.09810666666666672
0 0.47327294685990345 0.4900666666666666 0.004565217391304315 0.057733333333333345
0 0.4776892109500805 0.4916266666666667 0.004830917874396135 0.056106666666666645
2 0.4467028985507247 0.4911866666666666 0.014468599033816356 0.050426666666666654
