2 0.6857769726247988 0.62824 0.14184380032206126 0.2834666666666667
2 0.4970893719806763 0.49848 0.06020128824476649 0.07056000000000003
0 0.3929911433172303 0.5169466666666667 0.011811594202898564 0.12311999999999997
1 0.7196336553945251 0.53032 0.0584299516908213 0.14986666666666662
2 0.6563486312399356 0.48029333333333335 0.05839774557165869 0.07168000000000006
2 0.8027133655394525 0.46921333333333326 0.07526570048309181 0.06893333333333332
2 0.9701328502415458 0.46103999999999995 0.05812399355877621 0.09040000000000001
2 0.34143719806763284 0.5117733333333334 0.05171497584541064 0.07175999999999999
2 0.21879227053140096 0.5179199999999999 0.04763285024154589 0.06767999999999999
2 0.48157004830917877 0.4880133333333333 0.018083735909822894 0.04098666666666668
2 0.45355877616747176 0.48818666666666666 0.021030595813204513 0.04181333333333335
