2 0.50585346215781 0.5591466666666667 0.050821256038647344 0.13829333333333335
2 0.29942834138486313 0.6185866666666666 0.1532367149758454 0.28784
2 0.32450483091787435 0.5866933333333333 0.1252254428341385 0.20720000000000005
2 0.40240338164251205 0.5369333333333333 0.08635265700483087 0.11530666666666668
2 0.4293115942028986 0.5093333333333333 0.05638486312399358 0.08005333333333328
2 0.45939613526570044 0.47045333333333333 0.046167471819645756 0.0775466666666667
2 0.8522665056360708 0.7667333333333333 0.29385668276972626 0.46119999999999994
2 0.673280998389694 0.5909866666666667 0.12738325281803545 0.26805333333333325
0 0.600024154589372 0.5827333333333332 0.027648953301127238 0.20034666666666656
2 0.6142673107890498 0.5598 0.06703703703703703 0.14504000000000003
2 0.5888888888888889 0.5409333333333333 0.049323671497584536 0.11002666666666663
2 0.5772665056360707 0.51976 0.04440418679549112 0.11306666666666668
0 0.5520048309178743 0.5064933333333334 0.01019323671497582 0.07218666666666665
2 0.13466183574879226 0.5998266666666666 0.18106280193236715 0.21805333333333327
2 0.5049718196457327 0.5154666666666666 0.029637681159420337 0.08949333333333334
2 0.0448792270531401 0.5494933333333333 0.0897584541062802 0.17882666666666666
2 0.24113929146537844 0.55988 0.10187600644122383 0.15666666666666665
2 0.7075805152979067 0.49458666666666673 0.09165056360708537 0.11792
