2 0.9470179738562092 0.5685945945945946 0.10433006535947717 0.13875675675675678
2 0.8944117647058824 0.5627972972972973 0.10218954248366008 0.13181081081081084
2 0.8257434640522876 0.5624324324324326 0.09472222222222226 0.142
2 0.5062132352941177 0.5072162162162163 0.0279003267973856 0.08194594594594601
0 0.8416748366013073 0.671418918918919 0.08338235294117652 0.5253243243243244
0 0.16180555555555556 0.473445945945946 0.013186274509803935 0.12602702702702703
0 0.22950571895424834 0.47439189189189185 0.013521241830065369 0.11143243243243241
0 0.25594771241830067 0.5427837837837838 0.023774509803921543 0.23010810810810817
0 0.28863970588235294 0.5382702702702703 0.02201797385620914 0.22108108108108113
0 0.31194852941176476 0.5443648648648649 0.04937091503267974 0.237972972972973
0 0.39515931372549024 0.5717027027027026 0.03755718954248368 0.30470270270270267
0 0.4313316993464053 0.5664594594594595 0.0347385620915033 0.27102702702702713
0 0.2785049019607843 0.568918918918919 0.03266339869281047 0.2822162162162162
0 0.31536764705882353 0.5660945945945947 0.029950980392156837 0.2717027027027028
0 0.3415563725490196 0.5638918918918919 0.029697712418300673 0.2412432432432433
0 0.2720383986928105 0.5487972972972973 0.04546568627450983 0.2435945945945946
