2 0.513876811594203 0.5982399999999999 0.08659420289855069 0.2709333333333333
2 0.7259057971014493 0.6174933333333333 0.18392109500805148 0.33008
2 0.5938848631239936 0.50648 0.0776247987117552 0.11306666666666668
2 0.5648993558776167 0.4950666666666666 0.04992753623188405 0.07824
2 0.5516183574879228 0.4888533333333333 0.04645732689210954 0.060960000000000035
2 0.08741545893719806 0.5946133333333333 0.1678743961352657 0.23210666666666663
2 0.22340177133655398 0.5616933333333333 0.08880032206119164 0.12904000000000004
2 0.34146537842190017 0.5120133333333333 0.04428341384863124 0.07698666666666668
2 0.36349033816425125 0.49821333333333334 0.03264895330112722 0.08117333333333332
2 0.3965378421900161 0.4910266666666666 0.030032206119162606 0.05672000000000003
2 0.4332125603864734 0.4858799999999999 0.02808373590982286 0.04178666666666663
2 0.2658615136876007 0.5071866666666667 0.04847020933977455 0.07906666666666667
2 0.031916264090177136 0.57236 0.06383252818035427 0.17149333333333333
