2 0.4373429951690821 0.51156 0.018518518518518517 0.05501333333333332
2 0.20873590982286636 0.51516 0.044991948470209334 0.07885333333333332
2 0.2423268921095008 0.5149733333333334 0.03869565217391305 0.06135999999999998
2 0.8332729468599034 0.5618933333333332 0.07495169082125606 0.08842666666666665
2 0.2718115942028986 0.5130666666666666 0.03159420289855069 0.05573333333333335
2 0.44990338164251203 0.5014666666666667 0.016618357487922696 0.04437333333333337
2 0.47592995169082125 0.5463733333333333 0.0421497584541063 0.13909333333333332
2 0.16120370370370368 0.5263599999999999 0.059106280193236715 0.08002666666666663
1 0.710438808373591 0.55096 0.02070048309178747 0.1130133333333334
2 0.8987882447665057 0.5641733333333333 0.061827697262479844 0.08151999999999998
