2 0.16786231884057973 0.7689866666666667 0.33572463768115945 0.4566933333333333
2 0.05644122383252818 0.7801466666666667 0.11288244766505635 0.4343733333333333
2 0.4097705314009662 0.58436 0.0613285024154589 0.17335999999999996
2 0.44068035426731084 0.5511999999999999 0.03675523349436391 0.10704000000000004
2 0.4536553945249598 0.5081066666666667 0.030933977455716553 0.11562666666666663
2 0.5931682769726248 0.54804 0.1033091787439614 0.13288000000000003
2 0.5756119162640903 0.5391466666666667 0.08842190016103063 0.10234666666666666
2 0.5465378421900161 0.5209733333333333 0.0636876006441224 0.08759999999999998
2 0.46997584541062803 0.49792 0.020241545893719796 0.06933333333333333
2 0.3531320450885668 0.61568 0.12853462157809983 0.3532266666666667
1 0.8384661835748792 0.5658133333333333 0.07485507246376805 0.2591466666666666
