2 0.1693156199677939 0.7450533333333332 0.2503059581320451 0.45122666666666666
2 0.5688244766505636 0.5562266666666666 0.06399355877616748 0.16338666666666668
2 0.24928341384863126 0.5531733333333333 0.11144927536231883 0.13664
2 0.6403985507246377 0.6194 0.10886473429951694 0.2548
2 0.552218196457327 0.5352133333333333 0.04335748792270533 0.12290666666666668
2 0.38909822866344607 0.54692 0.04887278582930756 0.11544000000000006
2 0.4069847020933977 0.51364 0.03876811594202897 0.10946666666666661
2 0.7153824476650563 0.7209066666666667 0.20646537842190021 0.43642666666666674
2 0.42392512077294686 0.5111466666666666 0.030893719806763333 0.08992
2 0.5243719806763285 0.47056 0.03333333333333331 0.11951999999999997
2 0.44098631239935593 0.50272 0.017318840579710136 0.03679999999999995
