2 0.13412640901771336 0.76052 0.2682528180354267 0.4736266666666667
2 0.9186996779388085 0.7712266666666666 0.16099033816425123 0.45221333333333336
2 0.28464573268921095 0.6270666666666667 0.13028985507246377 0.24421333333333328
2 0.7666948470209339 0.7097066666666666 0.21957326892109494 0.4276266666666666
2 0.3447181964573269 0.5794400000000001 0.08930756843800323 0.16357333333333335
2 0.6519605475040258 0.5995599999999999 0.11868760064412245 0.24727999999999997
2 0.421316425120773 0.5214133333333333 0.03549919484702096 0.08496000000000004
2 0.6096135265700483 0.5601466666666667 0.07191626409017708 0.17096000000000003
2 0.5898268921095009 0.5353333333333333 0.05055555555555562 0.12944000000000006
2 0.5746698872785829 0.5225333333333333 0.04322061191626414 0.10341333333333333
