2 0.19714573268921096 0.7563466666666666 0.2636151368760064 0.48197333333333336
2 0.7722101449275363 0.7345599999999999 0.3059017713365539 0.5255466666666667
2 0.6280072463768116 0.6025466666666667 0.13392109500805147 0.2680800000000001
2 0.32559581320450887 0.62732 0.12471819645732687 0.24781333333333327
2 0.367487922705314 0.5687466666666666 0.06600644122383255 0.16480000000000003
2 0.3971658615136876 0.54108 0.05376811594202896 0.12450666666666665
2 0.5866948470209339 0.54832 0.07659420289855072 0.17135999999999996
2 0.566280193236715 0.5195333333333333 0.05056360708534627 0.12850666666666666
2 0.7275161030595814 0.4617866666666667 0.08541867954911436 0.13194666666666663
2 0.5249396135265699 0.49135999999999996 0.029074074074074086 0.06698666666666668
2 0.4893115942028985 0.4868533333333333 0.023454106280193232 0.04608
2 0.4652777777777778 0.4805333333333333 0.02917069243156201 0.04074666666666667
1 0.4358333333333334 0.48197333333333336 0.012423510466988688 0.04624000000000001
