2 0.49171497584541063 0.5041866666666667 0.019162640901771392 0.06037333333333329
2 0.8293035426731078 0.7444266666666666 0.3397826086956522 0.5058133333333333
2 0.4485185185185185 0.5144266666666666 0.027713365539452462 0.07530666666666669
2 0.6113446054750402 0.5897199999999999 0.08621578099838972 0.21058666666666664
2 0.5770772946859903 0.55608 0.06734299516908211 0.1754666666666667
2 0.561598228663446 0.5309866666666666 0.046723027375201266 0.14618666666666663
2 0.5407165861513687 0.5224533333333333 0.03542673107890499 0.09205333333333336
2 0.5245169082125605 0.5030133333333333 0.020660225442834114 0.06159999999999998
2 0.35966988727858296 0.5161066666666666 0.04592592592592594 0.05701333333333332
2 0.2993558776167472 0.51964 0.05170692431561999 0.0595466666666667
0 0.6069082125603864 0.5078533333333333 0.017713365539452495 0.15058666666666665
