1 0.28698470209339777 0.6810266666666667 0.07173107890499197 0.37288000000000004
2 0.8995531400966182 0.7525866666666667 0.19928341384863124 0.48949333333333334
2 0.8694524959742352 0.6550133333333333 0.25948470209339775 0.47733333333333333
2 0.22101046698872787 0.5871866666666666 0.19369565217391302 0.20173333333333326
2 0.27293478260869564 0.5734266666666668 0.15119967793880837 0.17026666666666665
2 0.3108373590982287 0.54424 0.09238325281803543 0.13226666666666664
2 0.5464975845410628 0.5484133333333333 0.05945249597423504 0.14242666666666673
2 0.3620652173913044 0.5187066666666666 0.07242351046698876 0.09336000000000005
2 0.5153945249597424 0.5004133333333333 0.028695652173913126 0.08008
2 0.49378019323671496 0.4634 0.01453301127214167 0.05703999999999996
