2 0.5059943639291465 0.5406933333333332 0.05049114331723021 0.13562666666666662
2 0.1103462157809984 0.7369333333333333 0.2206924315619968 0.5208
2 0.21585346215780996 0.6718666666666666 0.18478260869565216 0.3888533333333334
2 0.3690177133655395 0.55528 0.11476650563607087 0.15973333333333334
2 0.39840982286634463 0.52256 0.06965378421900165 0.11269333333333331
2 0.4128140096618358 0.5181733333333333 0.06846215780998392 0.09896000000000003
2 0.45161433172302734 0.46307999999999994 0.051457326892109474 0.08808
2 0.8420330112721418 0.7253866666666666 0.31432367149758456 0.5438933333333333
0 0.6725764895330113 0.64484 0.04750402576489533 0.33607999999999993
2 0.6705112721417069 0.6033466666666666 0.11253623188405795 0.2219466666666667
2 0.6201650563607085 0.56384 0.0725040257648953 0.15109333333333333
2 0.5972302737520129 0.5237333333333333 0.06024154589371976 0.14522666666666667
0 0.5610386473429951 0.5026933333333333 0.008856682769726247 0.08485333333333331
2 0.2088929146537842 0.5697599999999999 0.13559581320450884 0.18661333333333338
2 0.2831763285024154 0.5373466666666666 0.08395330112721415 0.13581333333333334
2 0.5039533011272143 0.49666666666666665 0.029291465378421897 0.08848000000000002
2 0.09560789049919484 0.61388 0.18928341384863123 0.25752
2 0.7425603864734299 0.4882533333333333 0.10991948470209338 0.13928000000000004
2 0.12787037037037036 0.5348933333333333 0.09617552334943638 0.14413333333333336
