2 0.5458494363929146 0.5181733333333333 0.03255233494363925 0.08071999999999994
2 0.39207729468599034 0.5014266666666667 0.09257648953301129 0.12274666666666667
2 0.3873671497584541 0.5253066666666667 0.09057971014492754 0.09626666666666665
2 0.3481843800322061 0.5443333333333333 0.1184621578099839 0.13458666666666674
2 0.33503623188405796 0.5576133333333334 0.12229468599033816 0.14695999999999995
2 0.30552737520128825 0.5684 0.13124798711755237 0.1728533333333333
2 0.1980072463768116 0.6096666666666667 0.1835185185185185 0.24375999999999998
2 0.14892512077294687 0.6536799999999999 0.25670692431562 0.2891733333333334
2 0.057524154589371976 0.7617599999999999 0.11504830917874395 0.47114666666666666
2 0.8615297906602254 0.7324933333333333 0.2753301127214171 0.5296799999999999
3 0.5316425120772946 0.48374666666666666 0.033043478260869626 0.09469333333333331
