2 0.06273349436392915 0.7406266666666667 0.1254669887278583 0.4713866666666667
2 0.860475040257649 0.6694266666666666 0.2774396135265701 0.3519199999999999
2 0.15620772946859904 0.6232266666666666 0.2599194847020934 0.28789333333333333
2 0.5292149758454106 0.5128 0.026207729468598995 0.06240000000000001
2 0.39480273752012884 0.5138933333333333 0.0712962962962963 0.0864533333333333
2 0.6146980676328502 0.53092 0.08620772946859907 0.10648000000000002
2 0.33651368760064415 0.53632 0.11185185185185187 0.15392
2 0.3142914653784219 0.57508 0.1354911433172303 0.16498666666666667
2 0.24306360708534622 0.5999866666666667 0.19997584541062802 0.23170666666666662
2 0.6940499194847021 0.5657599999999999 0.12468599033816426 0.1683733333333333
2 0.7263969404186795 0.5932266666666666 0.14429146537842183 0.17695999999999995
