2 0.40622383252818034 0.5093066666666667 0.0631400966183575 0.07418666666666665
2 0.5455354267310789 0.5103866666666667 0.03250402576489533 0.09133333333333334
2 0.45667069243156194 0.5236266666666667 0.031731078904991925 0.08325333333333333
2 0.34750000000000003 0.5343999999999999 0.10844605475040257 0.12394666666666664
2 0.315048309178744 0.55544 0.1331561996779388 0.16757333333333332
2 0.2796376811594203 0.5774133333333333 0.1784057971014493 0.21050666666666665
2 0.19696457326892108 0.5868533333333333 0.1842351046698873 0.24656
2 0.15353864734299516 0.6089066666666667 0.28369565217391307 0.3837333333333334
2 0.5932206119162641 0.5774 0.07028985507246373 0.15570666666666663
2 0.6900845410628019 0.7114266666666668 0.18966988727858297 0.37704000000000004
