0 0.4659935379644589 0.5269652406417112 0.0215347334410339 0.18168449197860959
0 0.4875444264943457 0.5238368983957219 0.029757673667205196 0.191951871657754
0 0.39210823909531506 0.5511363636363636 0.026655896607431343 0.21457219251336898
0 0.5092649434571891 0.6360695187165775 0.07108239095315025 0.4731016042780749
0 0.9564216478190632 0.586711229946524 0.05788368336025855 0.46443850267379666
0 0.4940105008077545 0.5360294117647059 0.03096122778675286 0.2101336898395722
0 0.5510016155088853 0.6075133689839571 0.04604200323101777 0.33989304812834215
2 0.26793618739903075 0.6629411764705881 0.23811793214862684 0.5436898395721925
0 0.9199232633279484 0.6236229946524064 0.09827948303715676 0.571898395721925
2 0.3417043618739903 0.509211229946524 0.081373182552504 0.21719251336898393
2 0.37464458804523426 0.49700534759358284 0.04983844911147015 0.15962566844919782
