2 0.49331320450885663 0.5796133333333333 0.0779951690821256 0.24429333333333336
2 0.9251207729468599 0.7169333333333334 0.14814814814814814 0.5608
2 0.7827254428341385 0.6759466666666666 0.2107165861513688 0.40826666666666656
2 0.6957447665056361 0.58732 0.18525764895330107 0.2889333333333334
2 0.6613325281803543 0.5614266666666666 0.13066827697262476 0.19154666666666662
2 0.058248792270531397 0.61896 0.11649758454106279 0.2745599999999999
2 0.13329710144927537 0.5629866666666666 0.13173107890499197 0.20757333333333333
2 0.4392834138486312 0.48453333333333326 0.01958132045088571 0.0535466666666667
0 0.5609420289855073 0.5139866666666667 0.013381642512077298 0.11682666666666666
0 0.013442028985507247 0.5414266666666667 0.0178341384863124 0.20359999999999998
0 0.7479750402576489 0.48339999999999994 0.00801127214170696 0.1087733333333333
0 0.7453220611916265 0.4766266666666667 0.005185185185185137 0.07949333333333326
