2 0.1527012882447665 0.7555466666666666 0.305402576489533 0.4835733333333333
2 0.9279790660225442 0.5541999999999999 0.14243156199677945 0.2789066666666667
2 0.835986312399356 0.5336666666666666 0.11831723027375196 0.2267466666666666
2 0.7892592592592592 0.5198133333333333 0.11210950080515308 0.18192
2 0.7515096618357487 0.51132 0.10570853462157807 0.16354666666666662
2 0.7254186795491143 0.5160133333333333 0.10280193236714971 0.13112000000000004
2 0.6310547504025765 0.5987733333333333 0.11028985507246378 0.2732266666666666
2 0.5915458937198068 0.5611200000000001 0.06528180354267314 0.15434666666666672
2 0.3749033816425121 0.5698933333333333 0.08748792270531403 0.19376
2 0.4091626409017713 0.5259466666666667 0.0663929146537842 0.18053333333333338
2 0.6396256038647342 0.4835733333333333 0.07401771336553942 0.10645333333333337
2 0.442037037037037 0.5194533333333333 0.0365700483091788 0.09634666666666673
2 0.4493397745571658 0.49966666666666665 0.05077294685990343 0.06045333333333337
3 0.5211714975845411 0.4493733333333333 0.04905797101449271 0.1692533333333333
