0 0.8943382352941177 0.6980675675675675 0.09521241830065356 0.5984594594594596
0 0.6919771241830066 0.5936216216216216 0.042271241830065365 0.40297297297297296
0 0.7075531045751634 0.5892027027027027 0.037785947712418305 0.38851351351351354
0 0.5405106209150328 0.4649864864864865 0.01688725490196075 0.16435135135135137
0 0.24545751633986929 0.5373378378378378 0.0324019607843137 0.3281351351351351
0 0.411078431372549 0.501945945945946 0.01830065359477127 0.17372972972972975
0 0.4312990196078431 0.49706756756756765 0.0196078431372549 0.18575675675675674
0 0.8953145424836599 0.6504594594594595 0.07515522875816995 0.4845405405405406
0 0.372140522875817 0.4933243243243244 0.020473856209150283 0.21259459459459468
0 0.3506617647058824 0.47532432432432437 0.02084967320261441 0.19167567567567573
0 0.34520833333333334 0.47877027027027025 0.019763071895424835 0.19413513513513517
0 0.5137173202614379 0.4531081081081081 0.012124183006535973 0.14600000000000005
2 0.10952205882352942 0.49864864864864866 0.21904411764705883 0.9972972972972973
