2 0.4740854149879129 0.5161702127659574 0.026929895245769508 0.08101063829787236
2 0.02071716357775987 0.7128191489361702 0.04143432715551974 0.3401063829787233
2 0.13292103142626915 0.7805186170212767 0.2658420628525383 0.43364361702127663
2 0.17652296535052375 0.6131515957446809 0.14540692989524578 0.22247340425531917
2 0.25766317485898466 0.5669015957446808 0.07555197421434326 0.13247340425531914
2 0.34037469782433516 0.5781648936170213 0.08192586623690573 0.1554255319148937
2 0.4032352941176471 0.4931914893617021 0.04859790491539086 0.1713297872340426
2 0.4250120870265915 0.5197606382978723 0.024721998388396414 0.06468085106382977
2 0.09547945205479452 0.574281914893617 0.1368412570507655 0.1847340425531915
2 0.25872280419016924 0.5386968085106383 0.06352135374697823 0.11196808510638297
