2 0.49367149758454104 0.5473066666666667 0.0430595813204509 0.11706666666666668
2 0.16339774557165862 0.7029066666666666 0.19974235104669888 0.41066666666666657
2 0.27259661835748794 0.5459866666666666 0.20546698872785832 0.48418666666666665
2 0.34146537842190017 0.5732266666666666 0.12370370370370373 0.16245333333333328
2 0.4291022544283413 0.4962533333333334 0.0517149758454106 0.08408
2 0.5360386473429951 0.4888533333333333 0.03402576489533011 0.10640000000000001
2 0.4903220611916264 0.5191466666666666 0.027487922705314 0.08303999999999996
2 0.36884057971014494 0.53636 0.11818035426731081 0.17997333333333335
2 0.028913043478260868 0.6477733333333333 0.057826086956521736 0.3193866666666667
2 0.12601449275362317 0.5906 0.15848631239935587 0.24050666666666665
3 0.24851449275362322 0.4647866666666667 0.09039452495974236 0.1795466666666667
