2 0.09981884057971015 0.7636000000000001 0.1996376811594203 0.4674666666666667
2 0.8587117552334943 0.74784 0.28096618357487924 0.4989866666666667
2 0.28251207729468597 0.6231066666666667 0.16114331723027375 0.3630133333333334
2 0.40951288244766504 0.5595600000000001 0.08425925925925928 0.19213333333333335
2 0.6845330112721417 0.6208133333333333 0.12898550724637675 0.30386666666666656
2 0.6398792270531402 0.5741733333333333 0.0668760064412238 0.19144000000000005
2 0.5373631239935588 0.5284533333333333 0.05889694041867953 0.11152000000000005
2 0.8187359098228664 0.46882666666666667 0.0665700483091788 0.13013333333333335
2 0.7630595813204509 0.4612266666666666 0.05764895330112723 0.11493333333333332
3 0.667975040257649 0.42816 0.03680354267310792 0.10602666666666664
