2 0.08570048309178743 0.7702533333333333 0.17140096618357487 0.45416
2 0.21381239935587762 0.6873866666666666 0.1935829307568438 0.3377066666666666
2 0.8630193236714975 0.7577733333333334 0.2723510466988728 0.47911999999999993
2 0.3098953301127214 0.6080533333333332 0.11317230273752013 0.2029866666666666
2 0.6999919484702093 0.6520133333333333 0.1739774557165861 0.3378933333333333
2 0.4102818035426731 0.5289866666666667 0.04098228663446053 0.09397333333333335
2 0.6298631239935587 0.5874933333333333 0.09275362318840574 0.20975999999999997
2 0.6005998389694043 0.55204 0.06079710144927535 0.14994666666666664
2 0.5809903381642513 0.53628 0.050547504025764876 0.11608
2 0.42492753623188406 0.51948 0.036280193236714935 0.08418666666666665
2 0.5734339774557166 0.5240133333333333 0.03794685990338164 0.09501333333333332
