2 0.6046940418679548 0.5870933333333334 0.10568438003220611 0.2692266666666666
2 0.11470611916264091 0.6583066666666667 0.22941223832528182 0.3376266666666667
2 0.16912640901771336 0.6261066666666666 0.26583735909822864 0.27482666666666666
2 0.2277254428341385 0.6031333333333333 0.1856119162640902 0.21704000000000004
2 0.31444847020933975 0.5404133333333333 0.13775362318840578 0.18642666666666674
2 0.2946135265700483 0.5598666666666666 0.11710144927536231 0.1778666666666667
2 0.5724838969404187 0.5620266666666667 0.06606280193236712 0.15098666666666669
2 0.3244082125603865 0.5286 0.0978341384863124 0.16002666666666665
2 0.34957326892109497 0.5338 0.09695652173913044 0.12237333333333338
2 0.5286392914653784 0.5213866666666666 0.02982286634460554 0.0786133333333333
2 0.553743961352657 0.5413066666666667 0.047471819645732716 0.12533333333333332
