2 0.24800724637681157 0.6760533333333333 0.16079710144927536 0.3334933333333333
2 0.14502415458937198 0.7522 0.29004830917874397 0.49026666666666663
2 0.8092592592592592 0.45327999999999996 0.16698872785829305 0.19632
2 0.8996417069243157 0.4404133333333333 0.08376006441223831 0.12733333333333333
2 0.9876489533011271 0.41528000000000004 0.023091787439613577 0.13557333333333335
2 0.943756038647343 0.43970666666666663 0.0946618357487924 0.11584000000000007
2 0.3763405797101449 0.5649866666666666 0.06020128824476654 0.13018666666666664
2 0.33450483091787436 0.5926266666666666 0.09490338164251208 0.1967733333333333
2 0.5775764895330112 0.51456 0.04698872785829308 0.10666666666666666
2 0.4011030595813205 0.5463466666666666 0.04359098228663445 0.1083733333333333
2 0.5139251207729469 0.5222533333333333 0.029492753623188404 0.0790666666666666
2 0.5876932367149759 0.5065066666666667 0.07743156199677935 0.08992
2 0.511268115942029 0.4825733333333333 0.03404991948470206 0.04248000000000002
