2 0.49100241545893725 0.5083733333333332 0.01905797101449272 0.06005333333333336
2 0.8534420289855071 0.77312 0.29150563607085345 0.44842666666666664
2 0.711159420289855 0.71328 0.21085346215780998 0.4442666666666666
2 0.45242753623188403 0.51648 0.023760064412238317 0.06522666666666668
2 0.5893075684380031 0.5697333333333332 0.06702093397745572 0.17024
2 0.5644484702093397 0.54436 0.055950080515297915 0.14898666666666668
2 0.5355595813204509 0.5162 0.03185990338164255 0.0835466666666667
2 0.3668276972624799 0.5158666666666666 0.04310789049919486 0.053813333333333276
2 0.30983091787439615 0.5202933333333334 0.04850241545893721 0.056159999999999925
0 0.5958454106280193 0.5098 0.01463768115942025 0.13490666666666667
