0 0.275 0.4865675675675676 0.013071895424836602 0.11108108108108115
0 0.3584763071895425 0.4846756756756757 0.006805555555555543 0.08227027027027027
0 0.2712418300653595 0.46674324324324323 0.008169934640522876 0.08813513513513517
2 0.829297385620915 0.5540405405405406 0.0884803921568628 0.13024324324324324
2 0.8943790849673203 0.557445945945946 0.09883986928104577 0.12472972972972975
2 0.9479697712418301 0.5591756756756756 0.1024264705882352 0.12629729729729727
0 0.29358660130718955 0.46456756756756756 0.010081699346405208 0.09421621621621618
0 0.29375816993464055 0.5592027027027027 0.02560457516339872 0.21764864864864866
0 0.3743464052287582 0.5503243243243243 0.028055555555555584 0.24427027027027026
1 0.4905637254901961 0.5388108108108108 0.03508169934640518 0.21540540540540545
2 0.5062704248366013 0.5021486486486487 0.029485294117647085 0.07624324324324327
0 0.24831290849673204 0.4772432432432433 0.012524509803921603 0.11216216216216217
0 0.18501225490196077 0.47352702702702704 0.008717320261437898 0.11862162162162167
0 0.795187908496732 0.515527027027027 0.010081699346405255 0.09894594594594598
