1 0.6597712418300653 0.5872567567567568 0.050473856209150396 0.2260270270270271
1 0.435204248366013 0.635945945945946 0.0587908496732026 0.31567567567567567
0 0.5010212418300654 0.5501486486486487 0.013071895424836602 0.10132432432432435
0 0.05399509803921569 0.5645 0.01511437908496732 0.16932432432432434
0 0.0711968954248366 0.5661081081081081 0.016887254901960785 0.14583783783783788
1 0.4641748366013072 0.5425540540540541 0.028006535947712397 0.10559459459459458
0 0.2005637254901961 0.5659594594594595 0.01797385620915033 0.15110810810810818
0 0.19368464052287582 0.5633783783783783 0.014705882352941176 0.12908108108108113
0 0.44684640522875824 0.5356486486486487 0.01498366013071898 0.11648648648648656
0 0.46941584967320266 0.5579864864864865 0.014975490196078465 0.1162972972972973
