2 0.07252012882447664 0.7769866666666666 0.14504025764895329 0.44069333333333327
2 0.9548188405797101 0.4500933333333333 0.08875201288244768 0.34264
2 0.3399315619967794 0.6168933333333333 0.10187600644122381 0.2094133333333334
2 0.22667874396135268 0.71148 0.22416264090177132 0.40749333333333326
2 0.6371537842190016 0.5334933333333334 0.07554750402576493 0.1535466666666666
2 0.38963365539452494 0.56416 0.0658212560386473 0.15125333333333332
2 0.42273752012882443 0.5490666666666666 0.04112721417069246 0.1067733333333333
2 0.4338446054750403 0.5366933333333332 0.036352657004830896 0.09114666666666668
2 0.5412359098228664 0.5263599999999999 0.03627214170692428 0.09927999999999997
2 0.6444323671497585 0.5130133333333333 0.10623993558776171 0.12
2 0.5572463768115942 0.5224133333333333 0.04257648953301127 0.08349333333333334
2 0.5814653784219002 0.5144933333333334 0.04412238325281809 0.08002666666666663
2 0.5697141706924316 0.47514666666666666 0.03627214170692437 0.03621333333333337
2 0.47326086956521735 0.4807733333333334 0.031207729468599028 0.034293333333333294
