2 0.4945893719806763 0.52508 0.037504025764895366 0.11751999999999997
2 0.9162842190016104 0.7307066666666666 0.1658212560386474 0.5332533333333334
2 0.7879428341384863 0.66848 0.22071658615136885 0.3917866666666666
2 0.38182367149758456 0.5238666666666666 0.03607890499194847 0.07290666666666668
2 0.07464170692431561 0.7572 0.14928341384863122 0.4320533333333333
2 0.6222665056360709 0.5355466666666666 0.11219806763285026 0.16074666666666668
2 0.5793880837359099 0.5195866666666666 0.08278582930756839 0.1103733333333333
2 0.5486312399355878 0.49032 0.060483091787439616 0.09338666666666662
2 0.35181159420289854 0.5055999999999999 0.03515297906602252 0.07248000000000002
2 0.3689573268921095 0.49709333333333333 0.028188405797101444 0.06133333333333333
2 0.40869565217391307 0.4914133333333333 0.019227053140096567 0.03813333333333336
2 0.3281320450885668 0.5005599999999999 0.02220611916264089 0.053439999999999974
