2 0.9466830065359477 0.5666351351351352 0.10499999999999998 0.13856756756756752
2 0.8943790849673203 0.562972972972973 0.1017156862745098 0.13178378378378383
2 0.8258251633986928 0.5621486486486487 0.09467320261437909 0.14197297297297298
2 0.5061683006535947 0.5075000000000001 0.027843137254901996 0.08197297297297293
1 0.3953513071895425 0.5271216216216217 0.029983660130718945 0.15375675675675674
1 0.4163480392156863 0.49595945945945946 0.013006535947712478 0.08051351351351349
0 0.1613562091503268 0.4663648648648649 0.014150326797385615 0.12786486486486487
0 0.1638888888888889 0.512 0.02777777777777778 0.2024324324324324
1 0.7201062091503267 0.5866891891891892 0.09679738562091506 0.4148918918918919
0 0.21395424836601307 0.48731081081081085 0.015800653594771244 0.14056756756756755
0 0.18774101307189545 0.48287837837837844 0.01933823529411764 0.14235135135135132
0 0.4582230392156863 0.5998243243243243 0.045204248366013014 0.3409459459459459
0 0.49002450980392154 0.5746486486486487 0.04370915032679739 0.32535135135135135
0 0.5364542483660131 0.588554054054054 0.042761437908496666 0.3703513513513513
0 0.8604411764705883 0.6776081081081081 0.10294117647058833 0.5816486486486486
0 0.8745669934640523 0.6600405405405405 0.09694444444444442 0.5077027027027027
0 0.6603390522875817 0.6661891891891892 0.08796568627450986 0.546054054054054
0 0.6899468954248367 0.6555675675675676 0.05582516339869275 0.5031351351351352
0 0.6993504901960784 0.6417837837837838 0.04928921568627445 0.42524324324324325
0 0.5077287581699347 0.6161216216216215 0.05800653594771242 0.4013243243243243
