2 0.09727455716586152 0.7825599999999999 0.19454911433172303 0.4295466666666667
2 0.21528985507246376 0.6670533333333333 0.14521739130434783 0.26903999999999995
2 0.3000281803542673 0.60824 0.092085346215781 0.17344000000000004
2 0.8584057971014494 0.48466666666666663 0.20056360708534623 0.2350933333333334
2 0.7970692431561998 0.4770933333333333 0.1251529790660226 0.20602666666666664
2 0.7521698872785829 0.4794133333333333 0.125402576489533 0.1765333333333333
2 0.7016062801932367 0.48575999999999997 0.11216586151368756 0.14410666666666672
2 0.3600362318840579 0.5616266666666667 0.06071658615136878 0.11824000000000001
2 0.5834460547504026 0.5448000000000001 0.0676489533011272 0.15397333333333327
2 0.5627053140096618 0.5262800000000001 0.04653784219001607 0.12695999999999996
