2 0.22593954248366016 0.745891891891892 0.2604901960784314 0.500972972972973
0 0.5309967320261438 0.5359054054054054 0.04465686274509802 0.24878378378378382
1 0.8033496732026144 0.4631081081081082 0.044166666666666715 0.12491891891891892
0 0.33977532679738565 0.5627702702702703 0.041397058823529426 0.29008108108108105
1 0.7599714052287582 0.47635135135135137 0.025367647058823585 0.15086486486486486
0 0.12007761437908497 0.5805 0.019877450980392144 0.2021891891891892
0 0.1071078431372549 0.5913378378378379 0.026143790849673203 0.19748648648648656
1 0.2941666666666667 0.5742972972972973 0.08173202614379083 0.25054054054054054
0 0.07096813725490198 0.6007972972972973 0.034583333333333334 0.2093783783783783
0 0.02395424836601307 0.6041351351351352 0.03839869281045752 0.262918918918919
0 0.15801470588235297 0.5688243243243244 0.026683006535947712 0.25418918918918926
2 0.9551715686274511 0.4641891891891892 0.08802287581699347 0.10908108108108112
2 0.3884395424836602 0.4860810810810811 0.024575163398692798 0.060486486486486475
