2 0.10122383252818035 0.7102133333333333 0.2024476650563607 0.40303999999999995
2 0.12768115942028987 0.6457466666666667 0.25536231884057975 0.31101333333333336
2 0.22793075684380035 0.5941866666666666 0.17666666666666667 0.22794666666666663
2 0.2586070853462158 0.5559466666666667 0.1658132045088567 0.24192
1 0.42532608695652174 0.5325066666666667 0.014838969404186846 0.11226666666666672
2 0.9263566827697262 0.7335599999999999 0.14567632850241552 0.5275466666666667
2 0.8815861513687601 0.7017066666666666 0.23521739130434782 0.39792
2 0.7994565217391304 0.6346266666666667 0.21298711755233501 0.2766133333333334
2 0.7458937198067633 0.6004666666666667 0.1476489533011272 0.22647999999999993
2 0.7023268921095007 0.5789466666666667 0.16268921095008057 0.2002933333333333
2 0.6653462157809984 0.5657466666666666 0.14354267310789048 0.1555466666666666
2 0.6494162640901772 0.54364 0.11567632850241542 0.16701333333333332
2 0.34936795491143313 0.5389733333333333 0.09714170692431565 0.10605333333333336
2 0.3688446054750403 0.5341333333333333 0.0817471819645733 0.09541333333333334
2 0.5266787439613526 0.5278133333333334 0.034194847020934 0.08442666666666665
2 0.5114130434782609 0.50268 0.020507246376811526 0.057733333333333345
2 0.4961272141706925 0.4737199999999999 0.01247987117552335 0.04877333333333331
