2 0.5102053140096618 0.58164 0.06466183574879232 0.17688000000000004
2 0.2294243156199678 0.5518666666666666 0.07936392914653786 0.1310933333333333
1 0.7230112721417069 0.5593866666666666 0.08438003220611913 0.20463999999999993
2 0.5714734299516908 0.512 0.054975845410628 0.18239999999999992
0 0.38983494363929144 0.5474666666666667 0.015563607085346202 0.20111999999999997
2 0.3129468599033816 0.51432 0.04524959742351046 0.09445333333333338
2 0.3851489533011272 0.5349866666666666 0.07641706924315618 0.12229333333333336
2 0.4070933977455717 0.5284533333333333 0.07207729468599032 0.08618666666666672
2 0.4256481481481481 0.5198799999999999 0.05311594202898548 0.07463999999999994
2 0.4431723027375202 0.5038 0.03930756843800326 0.051813333333333274
2 0.4846296296296297 0.5398666666666666 0.03536231884057968 0.10757333333333334
2 0.30075281803542675 0.50652 0.042777777777777776 0.06573333333333335
