2 0.49898953301127213 0.5345333333333333 0.04239130434782616 0.13279999999999995
2 0.09165861513687601 0.74484 0.18331723027375202 0.39709333333333324
2 0.8600483091787439 0.7203466666666666 0.26718196457326887 0.5539733333333333
2 0.6659460547504026 0.5804666666666667 0.1477536231884058 0.22898666666666667
2 0.6410305958132044 0.5520933333333333 0.11590982286634463 0.1795466666666666
2 0.6231360708534621 0.5282533333333334 0.09427536231884061 0.15757333333333326
2 0.5805636070853462 0.5023066666666667 0.08446054750402575 0.1388533333333333
2 0.5619645732689211 0.5089199999999999 0.06388083735909826 0.08589333333333328
2 0.5415740740740741 0.4951733333333333 0.042793880837359174 0.05813333333333336
2 0.30549114331723026 0.52128 0.05412238325281801 0.10133333333333333
2 0.4261835748792271 0.47503999999999996 0.03181964573268924 0.09573333333333335
2 0.33650161030595815 0.5214666666666666 0.040281803542673085 0.08165333333333334
2 0.3611392914653784 0.5189866666666667 0.031135265700483104 0.057973333333333356
2 0.39765297906602254 0.49950666666666665 0.025950080515297923 0.04583999999999999
2 0.28478260869565214 0.51564 0.03272141706924315 0.07016
2 0.053087761674718195 0.52496 0.0351610305958132 0.08181333333333328
