2 0.38415458937198066 0.5079866666666667 0.07499194847020937 0.0866933333333333
2 0.5470048309178744 0.5148133333333333 0.039549114331723034 0.10882666666666667
2 0.44239533011272136 0.5293333333333333 0.038945249597423515 0.1010666666666666
2 0.29382850241545894 0.5530533333333333 0.14622383252818036 0.16359999999999997
2 0.26584943639291464 0.56524 0.16099033816425123 0.18957333333333334
2 0.2199476650563607 0.6110399999999999 0.2019404186795491 0.24720000000000003
2 0.14695652173913043 0.6412666666666667 0.29391304347826086 0.34242666666666666
2 0.06681159420289855 0.6915066666666666 0.1336231884057971 0.4538400000000001
2 0.6339009661835749 0.6276266666666667 0.11524154589371981 0.23765333333333333
2 0.8439734299516908 0.7811466666666667 0.31044283413848633 0.4323733333333333
