2 0.033421900161030596 0.7621066666666666 0.06684380032206119 0.45893333333333325
2 0.12359098228663445 0.6850933333333332 0.2471819645732689 0.34650666666666663
2 0.1952536231884058 0.6381333333333333 0.2302012882447665 0.29136000000000006
2 0.23746376811594203 0.6012799999999999 0.16201288244766507 0.25184
2 0.2675764895330113 0.58684 0.18152979066022545 0.2150133333333333
2 0.2784259259259259 0.5634133333333332 0.12189210950080515 0.17541333333333334
2 0.31753220611916266 0.5588799999999999 0.11690016103059586 0.1493866666666667
2 0.32432769726247984 0.5466533333333333 0.12002415458937202 0.13640000000000002
2 0.35515297906602256 0.5287466666666667 0.08792270531400966 0.1205333333333333
2 0.36439210950080514 0.5151066666666667 0.09068438003220612 0.13821333333333335
1 0.4581239935587762 0.5078933333333333 0.008164251207729458 0.06757333333333335
2 0.6200966183574879 0.6170533333333332 0.09563607085346214 0.23303999999999997
2 0.6944847020933977 0.55848 0.14054750402576494 0.18394666666666662
2 0.5980756843800321 0.5222666666666667 0.07104669887278575 0.10464000000000002
2 0.5248550724637682 0.5112800000000001 0.024202898550724595 0.060639999999999944
