2 0.8387479871175523 0.7705466666666666 0.32089371980676323 0.45357333333333333
2 0.13128824476650564 0.7930266666666667 0.26257648953301127 0.4086133333333333
2 0.2568880837359098 0.70748 0.16363123993558779 0.3610933333333333
2 0.3392954911433172 0.6294533333333333 0.10243961352657002 0.22061333333333338
2 0.6940700483091787 0.6861866666666666 0.19363123993558776 0.38373333333333326
2 0.6143719806763285 0.5944666666666667 0.08784219001610308 0.214
2 0.8256924315619968 0.5057733333333333 0.12977455716586148 0.18498666666666666
2 0.5333977455716586 0.5265333333333333 0.036280193236714935 0.08421333333333336
2 0.490426731078905 0.51612 0.029049919484702036 0.05453333333333338
2 0.4625442834138486 0.5075066666666667 0.03285024154589368 0.047280000000000044
1 0.407962962962963 0.50976 0.014492753623188451 0.05829333333333337
