2 0.1737842190016103 0.49866666666666665 0.3475684380032206 0.9973333333333333
2 0.7418558776167472 0.6244533333333333 0.31939613526570054 0.41829333333333335
2 0.3784299516908212 0.56568 0.13008051529790657 0.3530133333333333
0 0.9004106280193236 0.5189466666666667 0.026296296296296363 0.23442666666666664
0 0.830962157809984 0.53612 0.022278582930756904 0.27047999999999994
0 0.6125201288244766 0.51084 0.013687600644122383 0.13949333333333333
2 0.5557326892109501 0.53032 0.04454106280193241 0.12383999999999999
2 0.5393317230273751 0.5231466666666666 0.038937198067632864 0.11546666666666669
0 0.4872383252818035 0.4774533333333333 0.007648953301127214 0.06317333333333333
0 0.49311594202898557 0.4804133333333333 0.004830917874396135 0.0614666666666667
2 0.45091787439613523 0.47784 0.015684380032206135 0.05429333333333337
