2 0.5911764705882353 0.5791622340425532 0.07445608380338435 0.17231382978723403
2 0.1254552780016116 0.7473936170212765 0.2509105560032232 0.4998936170212766
2 0.5230298146655922 0.5092686170212766 0.026881547139403716 0.06773936170212766
2 0.30316680096696214 0.6365292553191488 0.1403706688154714 0.28449468085106383
2 0.18615229653505236 0.5942154255319149 0.12945205479452052 0.1996542553191489
2 0.3839121676067687 0.5418351063829787 0.054190169218372275 0.1300531914893617
2 0.29365028203062044 0.5466090425531914 0.06428686543110397 0.11773936170212769
2 0.3398710717163577 0.5123936170212766 0.040193392425463374 0.10680851063829785
2 0.41855761482675263 0.5212898936170213 0.03224818694601131 0.0750797872340426
2 0.3728646253021757 0.5008244680851064 0.03760676873489123 0.08627659574468084
2 0.43462530217566475 0.509534574468085 0.025253827558420563 0.05811170212765956
2 0.48489121676067687 0.5103723404255319 0.023497179693795393 0.07276595744680854
