2 0.9887600644122383 0.68568 0.02086956521739136 0.6233066666666667
2 0.9935950080515299 0.7058533333333333 0.011199677938808439 0.5690933333333332
2 0.393780193236715 0.5359466666666667 0.05894524959742345 0.21263999999999994
2 0.811755233494364 0.46703999999999996 0.2622222222222222 0.3397866666666666
2 0.18093397745571657 0.5810933333333334 0.1072463768115942 0.172
2 0.07572866344605475 0.56968 0.14021739130434782 0.23567999999999997
2 0.31868357487922705 0.5203466666666666 0.04731884057971013 0.11343999999999997
2 0.5732890499194847 0.52624 0.07976650563607081 0.14666666666666667
2 0.4346819645732689 0.4862533333333333 0.02975040257648957 0.09117333333333333
2 0.47080917874396133 0.45364 0.03084541062801928 0.11458666666666666
2 0.6259661835748792 0.5184933333333334 0.08270531400966176 0.15319999999999998
2 0.6914090177133656 0.5222266666666666 0.09684380032206116 0.1286133333333333
2 0.9627536231884058 0.4381466666666667 0.07288244766505635 0.2060533333333333
3 0.4312117552334944 0.44167999999999996 0.032906602254428347 0.16319999999999996
