2 0.8222946859903382 0.75468 0.3538003220611916 0.48530666666666666
2 0.6047302737520129 0.5768133333333333 0.09018518518518517 0.24408
2 0.21611111111111114 0.5892666666666666 0.2138808373590982 0.2457866666666667
2 0.26626811594202904 0.5671866666666666 0.16047504025764894 0.2089333333333333
2 0.2738647342995169 0.53656 0.12626409017713364 0.21834666666666663
2 0.2974235104669887 0.5493466666666666 0.1077938808373591 0.14013333333333336
2 0.34457729468599035 0.5299333333333334 0.09698067632850241 0.12322666666666668
2 0.36392512077294686 0.5288133333333334 0.08962157809983898 0.12024
2 0.3636433172302737 0.51268 0.07213365539452495 0.1185333333333333
2 0.37156602254428345 0.5123733333333332 0.08944444444444442 0.1095466666666667
2 0.4014855072463768 0.48203999999999997 0.05946054750402578 0.09208
1 0.467085346215781 0.48135999999999995 0.00534621578099847 0.04640000000000001
2 0.5473711755233495 0.5253599999999999 0.038832528180354285 0.10117333333333332
2 0.513317230273752 0.48729333333333336 0.017890499194847042 0.04578666666666663
