2 0.49563204508856684 0.5272133333333333 0.03398550724637675 0.10642666666666666
2 0.0906280193236715 0.6154933333333333 0.1540901771336554 0.20432
2 0.19810789049919486 0.5684133333333333 0.10682769726247986 0.16130666666666668
2 0.644524959742351 0.55748 0.11223832528180362 0.19016
2 0.6278341384863124 0.5466133333333334 0.10518518518518517 0.15541333333333332
2 0.5930756843800322 0.5394133333333332 0.09095008051529793 0.12474666666666667
2 0.5778582930756844 0.52864 0.07768115942028987 0.12064000000000002
2 0.5631119162640902 0.51328 0.06474235104669894 0.09551999999999998
2 0.4429468599033816 0.49856 0.013719806763284995 0.03482666666666667
2 0.5273349436392915 0.48634666666666665 0.03458937198067626 0.05061333333333338
2 0.41327294685990335 0.4950533333333333 0.01735104669887275 0.041733333333333344
