2 0.48412640901771337 0.5005999999999999 0.0197181964573269 0.06216000000000001
2 0.3840177133655394 0.5855733333333333 0.07618357487922706 0.18464000000000003
2 0.8584098228663446 0.7506266666666667 0.28157004830917876 0.4934133333333333
2 0.7135909822866344 0.7229733333333334 0.2286473429951691 0.5110133333333333
2 0.6232407407407408 0.6105333333333333 0.1036795491143318 0.3050133333333333
2 0.5621497584541063 0.5485066666666666 0.05840579710144934 0.14709333333333333
2 0.5278502415458938 0.51532 0.028405797101449252 0.08242666666666665
2 0.5468679549114333 0.5323866666666667 0.0433977455716586 0.12232000000000001
2 0.31548711755233494 0.5296133333333333 0.061199677938808365 0.074
2 0.23756441223832528 0.53228 0.0689130434782609 0.07725333333333333
2 0.514657809983897 0.49945333333333336 0.019524959742351047 0.05421333333333336
0 0.6704468599033817 0.5466 0.028172302737520135 0.2643466666666666
