2 0.4831682769726248 0.5478533333333333 0.04706119162640905 0.12301333333333332
2 0.21484702093397748 0.6603866666666667 0.1735426731078905 0.3090933333333334
2 0.32123188405797104 0.57748 0.12494363929146539 0.19383999999999998
2 0.39651368760064415 0.51684 0.07455716586151366 0.10167999999999998
2 0.9189774557165861 0.7727733333333333 0.16043478260869565 0.44911999999999996
2 0.5966747181964572 0.56832 0.07038647342995166 0.15445333333333336
2 0.5415257648953301 0.49629333333333336 0.03804347826086957 0.12309333333333332
2 0.16660628019323673 0.5856266666666666 0.1213123993558776 0.17605333333333337
2 0.4935185185185186 0.5235333333333333 0.031095008051529795 0.09394666666666664
2 0.08956924315619968 0.5546133333333334 0.1148550724637681 0.13125333333333333
