2 0.4934380032206118 0.5441333333333334 0.045571658615136894 0.12293333333333331
2 0.2340378421900161 0.6298533333333333 0.16131239935587763 0.31224
2 0.29909420289855077 0.5902133333333333 0.13958937198067634 0.23039999999999994
2 0.36417471819645736 0.5420133333333333 0.10176328502415458 0.13533333333333333
2 0.3991062801932367 0.5168266666666667 0.06689210950080518 0.08970666666666663
2 0.41644927536231885 0.48360000000000003 0.07450885668276974 0.13125333333333333
2 0.9018679549114331 0.76864 0.1946537842190016 0.45738666666666666
2 0.7747866344605475 0.6684399999999999 0.23913848631239934 0.46493333333333325
0 0.5848107890499196 0.5336933333333332 0.018252818035426697 0.14343999999999998
2 0.748389694041868 0.5366933333333332 0.13178743961352662 0.1666133333333333
2 0.4899436392914654 0.5132266666666667 0.02813204508856687 0.08501333333333332
2 0.05955716586151369 0.6293733333333333 0.11911433172302738 0.30845333333333336
2 0.15641304347826085 0.5820266666666666 0.13446859903381642 0.21029333333333328
2 0.9009098228663447 0.5173733333333332 0.19657004830917874 0.24642666666666665
2 0.22407004830917876 0.5082666666666666 0.06743156199677941 0.10512000000000003
3 0.3474315619967794 0.47008 0.04238325281803541 0.10367999999999998
