2 0.16857843137254902 0.7500945945945946 0.33715686274509804 0.49440540540540545
0 0.5518464052287582 0.5481486486486487 0.04586601307189542 0.27543243243243243
1 0.8593055555555555 0.4605945945945947 0.04772875816993461 0.131027027027027
0 0.34837418300653594 0.5754864864864865 0.04596405228758174 0.3211891891891893
1 0.7745874183006536 0.48293243243243245 0.02605392156862744 0.1597567567567568
0 0.11014297385620915 0.5870540540540541 0.03453431372549018 0.21875675675675677
0 0.09658088235294118 0.6012027027027027 0.02649509803921569 0.21332432432432444
1 0.3164542483660131 0.5779594594594596 0.08473856209150325 0.26656756756756766
0 0.021911764705882353 0.6193108108108109 0.043823529411764706 0.22916216216216223
0 0.10838235294117647 0.5812837837837838 0.031372549019607864 0.2752162162162163
2 0.9651797385620916 0.468 0.06800653594771243 0.11329729729729734
2 0.3861846405228758 0.4870810810810811 0.02539215686274513 0.062
