0 0.5926171243941841 0.6181417112299465 0.03552504038772215 0.32756684491978605
0 0.35466882067851374 0.5810160427807487 0.030210016155088837 0.24967914438502672
0 0.3134733441033926 0.5809090909090908 0.021987075928917587 0.23764705882352938
0 0.7012116316639742 0.5644117647058823 0.02954765751211635 0.24176470588235296
0 0.6708683360258482 0.5554010695187166 0.025258481421647806 0.236951871657754
0 0.5360420032310178 0.5464171122994652 0.022681744749596066 0.18700534759358295
0 0.6048384491114701 0.6132486631016042 0.03172859450726977 0.2976737967914438
0 0.5722940226171245 0.5852807486631015 0.026526655896607368 0.23665775401069514
0 0.6342407108239096 0.5563636363636363 0.024781906300484612 0.23433155080213908
0 0.640553311793215 0.5309090909090909 0.019038772213247124 0.19540106951871652
2 0.4679806138933765 0.5187032085561497 0.036219709208400584 0.09237967914438505
