2 0.4939412238325282 0.5430533333333333 0.042922705314009615 0.11613333333333328
2 0.2187962962962963 0.6551466666666667 0.1726328502415459 0.3237866666666666
2 0.3020088566827697 0.53084 0.18102254428341383 0.4028533333333334
2 0.35396135265700485 0.5683466666666667 0.1139291465378422 0.1473066666666667
2 0.432000805152979 0.49928000000000006 0.04971819645732685 0.08058666666666667
2 0.5345450885668277 0.4902266666666666 0.03264895330112718 0.10221333333333336
2 0.4900925925925925 0.5174266666666667 0.02749597423510465 0.08306666666666668
2 0.3776368760064412 0.5322 0.1096054750402577 0.16525333333333334
2 0.0622866344605475 0.6496 0.124573268921095 0.3252266666666666
2 0.16650161030595811 0.5743199999999999 0.13168276972624798 0.21082666666666666
0 0.021151368760064414 0.5327066666666667 0.024959742351046702 0.19127999999999998
0 0.14443639291465377 0.5196 0.00938808373590982 0.11002666666666663
3 0.2606481481481482 0.4615599999999999 0.08384057971014493 0.17010666666666663
