2 0.12274959742351048 0.78444 0.24549919484702096 0.42578666666666665
2 0.812037037037037 0.6019599999999999 0.23069243156199676 0.36184
2 0.2883977455716586 0.66348 0.15942028985507245 0.3307999999999999
2 0.379194847020934 0.5962533333333332 0.0768921095008052 0.18365333333333325
2 0.4076086956521739 0.5569066666666667 0.05906602254428338 0.13967999999999997
2 0.5681441223832528 0.54692 0.0522946859903382 0.15352
2 0.765402576489533 0.54008 0.20270531400966182 0.21530666666666667
2 0.4285829307568438 0.52272 0.03663446054750398 0.10773333333333335
2 0.4330475040257649 0.5140933333333333 0.04387278582930758 0.08184
2 0.26646940418679554 0.4989333333333334 0.05079710144927534 0.05626666666666665
2 0.5848107890499196 0.53264 0.05715780998389695 0.11946666666666662
2 0.6173631239935587 0.5128 0.059219001610305924 0.10975999999999998
