0 0.24432956381260099 0.6940374331550802 0.05977382875605816 0.6065775401069519
0 0.19210016155088855 0.7213770053475936 0.16631663974151856 0.5518983957219251
0 0.5325848142164782 0.5441844919786096 0.025315024232633307 0.2406149732620321
0 0.38989903069466886 0.5222326203208556 0.018037156704361908 0.1604010695187166
0 0.37407915993537966 0.5207887700534758 0.01615508885298869 0.15184491978609624
0 0.5134733441033925 0.509024064171123 0.016962843295638127 0.16216577540106944
0 0.5634531502423265 0.5463368983957219 0.02154281098546039 0.23267379679144387
0 0.5944426494345719 0.5129946524064172 0.02261712439418417 0.1910160427807487
0 0.6223546042003231 0.4916844919786096 0.015613893376413604 0.16668449197860963
2 0.4598667205169629 0.4902406417112299 0.030282714054927218 0.07786096256684492
0 0.25100969305331183 0.5700267379679144 0.030161550888529915 0.25235294117647056
0 0.587677705977383 0.5379545454545454 0.01508077544426491 0.19355614973262028
