2 0.10925925925925925 0.7125466666666666 0.2185185185185185 0.3919733333333333
2 0.16454106280193234 0.6554666666666666 0.2567793880837359 0.32186666666666663
2 0.21678743961352656 0.6110399999999999 0.1768760064412238 0.27263999999999994
2 0.2517391304347826 0.5924133333333333 0.19499194847020934 0.22989333333333328
2 0.26709339774557167 0.5682133333333332 0.12980676328502413 0.1858666666666667
2 0.30845008051529793 0.5636 0.12347020933977453 0.15717333333333333
2 0.31654991948470207 0.5478666666666666 0.12578904991948467 0.14261333333333331
2 0.3494404186795491 0.5292 0.09152173913043475 0.1250666666666667
2 0.36088566827697266 0.5129733333333334 0.09394524959742352 0.14301333333333333
1 0.45667069243156194 0.5101333333333333 0.00846215780998398 0.06965333333333334
2 0.6306078904991949 0.6308 0.10604669887278585 0.2549866666666667
2 0.7052495974235106 0.563 0.1494524959742351 0.1945333333333333
2 0.6006320450885668 0.5136933333333333 0.07322866344605479 0.1077066666666667
2 0.52512077294686 0.5091466666666666 0.024782608695652242 0.06197333333333335
