2 0.490354267310789 0.5049066666666666 0.019275362318840625 0.06074666666666667
2 0.8930112721417068 0.7536 0.2123671497584541 0.48746666666666666
2 0.43861513687600645 0.5284 0.03376811594202903 0.08986666666666664
2 0.6455515297906602 0.6283333333333333 0.11936392914653784 0.2782666666666667
2 0.5939009661835749 0.5769333333333333 0.08408212560386479 0.21349333333333334
2 0.5706038647342996 0.54824 0.054685990338164216 0.1692266666666666
2 0.545511272141707 0.5291333333333333 0.03992753623188408 0.10253333333333338
2 0.524645732689211 0.5042666666666666 0.02235104669887278 0.06618666666666664
2 0.34951690821256043 0.51848 0.04924315619967796 0.060853333333333315
2 0.28520531400966187 0.5200666666666666 0.05551529790660224 0.06343999999999998
0 0.6195450885668277 0.5154 0.017415458937198064 0.1705333333333333
