2 0.5062117552334943 0.7132666666666667 0.17839774557165866 0.56008
2 0.3200966183574879 0.5200933333333334 0.03230273752012883 0.053413333333333333
2 0.28508454106280195 0.52824 0.03197262479871174 0.054346666666666654
2 0.3573631239935588 0.5107466666666667 0.031167471819645715 0.05360000000000006
2 0.8186151368760065 0.52416 0.1111111111111111 0.11754666666666662
2 0.9545853462157811 0.53664 0.08921900161030591 0.16965333333333335
2 0.41403381642512077 0.5211733333333333 0.08101449275362314 0.08709333333333333
2 0.8368961352657004 0.50148 0.08661030595813209 0.1066933333333333
2 0.29730676328502414 0.5364533333333333 0.10889694041867955 0.15711999999999995
2 0.21586151368760065 0.5710133333333333 0.14051529790660225 0.18490666666666666
