2 0.05652576489533011 0.7440666666666665 0.11305152979066022 0.5065333333333333
2 0.5281964573268921 0.5231333333333333 0.030579710144927552 0.07266666666666667
2 0.3733011272141707 0.52748 0.08515297906602254 0.1025333333333333
2 0.6387318840579711 0.5531999999999999 0.10844605475040253 0.13327999999999998
2 0.27903381642512076 0.5598799999999999 0.15315619967793884 0.20557333333333333
2 0.2580032206119163 0.5849066666666667 0.18247987117552333 0.20319999999999996
2 0.23185990338164253 0.6162933333333334 0.20235104669887277 0.24143999999999996
2 0.15547906602254427 0.6417066666666666 0.23242351046698875 0.29034666666666664
2 0.12251610305958131 0.7043733333333333 0.24503220611916263 0.40613333333333335
2 0.7732850241545894 0.6121066666666666 0.1844605475040258 0.2448533333333333
2 0.8369122383252817 0.64684 0.2288325281803542 0.27447999999999995
