2 0.5111996779388084 0.5762666666666667 0.05615136876006442 0.17727999999999997
2 0.6847141706924316 0.5821733333333333 0.14223027375201286 0.24029333333333336
2 0.6036070853462159 0.5426666666666666 0.07536231884057973 0.12730666666666668
2 0.5740942028985507 0.52988 0.06517713365539456 0.09117333333333333
2 0.25626409017713364 0.6128 0.11207729468599033 0.20160000000000006
2 0.4005595813204509 0.5374666666666666 0.03986312399355877 0.09397333333333328
2 0.44660225442834134 0.5165466666666666 0.02756843800322062 0.0635466666666667
2 0.25256038647342993 0.5773466666666667 0.08529790660225442 0.13
2 0.3013687600644122 0.5450533333333334 0.05441223832528179 0.12034666666666666
2 0.48460950080515297 0.50348 0.021940418679549115 0.04072000000000003
2 0.35763687600644123 0.5326533333333333 0.04076489533011272 0.07805333333333328
2 0.4133132045088567 0.5198533333333333 0.03728663446054751 0.05410666666666664
2 0.12662238325281805 0.56616 0.09219806763285024 0.13205333333333327
2 0.1309661835748792 0.5409733333333333 0.08969404186795493 0.09208
2 0.5301006441223832 0.5008266666666666 0.021425120772946872 0.04229333333333337
