2 0.8443518518518518 0.697 0.30968599033816424 0.6006666666666667
2 0.696050724637681 0.6438799999999999 0.2017954911433172 0.5035999999999999
2 0.619488727858293 0.5833866666666666 0.09153784219001615 0.2426666666666666
0 0.5645571658615137 0.5033866666666666 0.013156199677938834 0.1298666666666667
0 0.563450080515298 0.5066666666666666 0.011537842190016136 0.1250133333333333
2 0.4333212560386473 0.50996 0.028252818035426758 0.09176
0 0.5066384863123994 0.49676 0.006980676328502474 0.07464000000000003
2 0.3343679549114331 0.5850666666666666 0.0795893719806763 0.17717333333333332
2 0.09726247987117552 0.7620799999999999 0.19452495974235104 0.47050666666666663
2 0.21967391304347825 0.6616666666666666 0.1753864734299517 0.3406666666666667
0 0.366243961352657 0.5289066666666666 0.009122383252818068 0.09082666666666667
