2 0.9567270531400967 0.6831200000000001 0.08493558776167473 0.55728
2 0.13312399355877616 0.7644533333333333 0.2662479871175523 0.46575999999999995
2 0.32567632850241546 0.6721866666666666 0.13850241545893718 0.3076266666666667
2 0.3834259259259259 0.6022266666666666 0.09189210950080515 0.20621333333333336
2 0.6141867954911433 0.5871333333333333 0.0748470209339774 0.22455999999999993
2 0.8974033816425121 0.6075866666666666 0.2035829307568438 0.3914933333333333
2 0.42286634460547506 0.5398799999999999 0.04644122383252814 0.13490666666666667
2 0.43078502415458936 0.53644 0.051570048309178704 0.09959999999999998
2 0.4000161030595813 0.48718666666666666 0.05107890499194842 0.0576266666666667
2 0.6232809983896941 0.5505333333333333 0.07134460547504026 0.16079999999999994
2 0.6611795491143316 0.5246 0.07355072463768118 0.14082666666666666
2 0.8250885668276973 0.4955733333333333 0.08152979066022553 0.11349333333333333
2 0.7788204508856683 0.47602666666666665 0.06875201288244766 0.07701333333333332
