0 0.55890522875817 0.4691891891891892 0.014705882352941176 0.15318918918918922
0 0.2252450980392157 0.5352162162162163 0.031862745098039214 0.32929729729729723
0 0.8085375816993465 0.6811756756756757 0.17929738562091516 0.6322432432432433
0 0.8903839869281045 0.6565000000000001 0.18982026143790853 0.6815945945945946
0 0.6377450980392158 0.6108378378378378 0.06290849673202614 0.4469189189189189
0 0.5785089869281046 0.6081486486486486 0.04711601307189539 0.43294594594594604
0 0.7095016339869282 0.6016351351351352 0.0533823529411765 0.4453783783783784
0 0.7667401960784314 0.6064594594594594 0.04357843137254895 0.4256756756756757
0 0.7964828431372549 0.5530270270270271 0.03567810457516346 0.20951351351351347
0 0.4207679738562091 0.5971351351351352 0.0392156862745098 0.4185405405405406
0 0.4482312091503268 0.5911891891891893 0.024240196078431434 0.35097297297297303
0 0.48171568627450984 0.568337837837838 0.035408496732026076 0.3834324324324325
0 0.5173856209150327 0.5867297297297298 0.028055555555555584 0.3146486486486487
0 0.5319607843137255 0.5531891891891892 0.03104575163398693 0.33767567567567564
0 0.40232843137254903 0.5105945945945947 0.02478758169934643 0.2483243243243244
0 0.4681781045751634 0.5110135135135135 0.022058823529411766 0.2282972972972973
0 0.49676062091503276 0.5071081081081081 0.02342320261437905 0.24756756756756756
0 0.5415563725490197 0.5000540540540541 0.03334150326797381 0.23410810810810814
2 0.10923202614379085 0.49864864864864866 0.2184640522875817 0.9972972972972973
