2 0.49634057971014495 0.5262800000000001 0.034404186795491155 0.10775999999999998
2 0.0799597423510467 0.6161866666666667 0.1599194847020934 0.24538666666666661
2 0.739158615136876 0.6168266666666666 0.1698470209339775 0.33210666666666666
2 0.6895933977455717 0.57832 0.14733494363929148 0.2355733333333334
2 0.6283454106280193 0.5624666666666667 0.11572463768115944 0.17575999999999997
2 0.603792270531401 0.53708 0.09829307568438006 0.1611466666666667
2 0.595511272141707 0.5299733333333333 0.0902495974235104 0.1264533333333333
2 0.5807930756843801 0.5201733333333333 0.07999194847020936 0.1190666666666666
2 0.43326892109500803 0.5018133333333333 0.017262479871175566 0.0426133333333333
2 0.5393558776167472 0.4935466666666667 0.042801932367149825 0.05317333333333332
2 0.5305475040257649 0.48453333333333326 0.03747181964573275 0.055679999999999986
2 0.40597826086956523 0.4949466666666667 0.019347826086956545 0.04557333333333334
