2 0.10989935587761675 0.7198533333333333 0.2197987117552335 0.46007999999999993
2 0.12942028985507248 0.6524933333333334 0.24296296296296296 0.36210666666666663
2 0.18827294685990337 0.6149600000000001 0.2505877616747182 0.2901333333333333
2 0.2203462157809984 0.5819066666666667 0.1606119162640902 0.2251466666666667
2 0.2747584541062802 0.5812133333333332 0.14850241545893722 0.18647999999999992
2 0.2885990338164251 0.5650933333333333 0.1468760064412238 0.1652266666666666
2 0.3299718196457327 0.52956 0.10424315619967796 0.14098666666666668
2 0.3446537842190016 0.5183733333333332 0.10549114331723027 0.15957333333333334
1 0.4510064412238325 0.5142933333333334 0.00950080515297903 0.07711999999999997
2 0.6748711755233495 0.6835333333333333 0.15317230273752006 0.3478666666666667
2 0.7463325281803543 0.5803333333333334 0.1843558776167472 0.23522666666666667
2 0.6691908212560387 0.56104 0.11055555555555552 0.15157333333333334
2 0.6163768115942029 0.53512 0.09677938808373586 0.10543999999999998
2 0.610378421900161 0.52252 0.08085346215780995 0.11842666666666665
2 0.38834943639291464 0.5179066666666666 0.07256038647342995 0.08008
2 0.4018599033816425 0.5194 0.0629468599033817 0.07416
2 0.5255152979066023 0.51244 0.026634460547504058 0.06632
