0 0.042455716586151375 0.50612 0.031256038647343 0.14813333333333328
0 0.3983695652173913 0.4815333333333333 0.0106682769726248 0.09874666666666666
2 0.3759903381642512 0.4695066666666666 0.044202898550724665 0.11224
2 0.4059138486312399 0.47475999999999996 0.04387278582930758 0.08344000000000006
2 0.448695652173913 0.47358666666666666 0.05194847020933976 0.07255999999999994
2 0.5664533011272141 0.45460000000000006 0.05150563607085348 0.09240000000000001
2 0.5881682769726247 0.4621066666666666 0.03868760064412235 0.06250666666666665
2 0.6213204508856683 0.4580666666666667 0.042157809983896954 0.0665333333333333
2 0.6470853462157811 0.46552 0.04822866344605473 0.052853333333333315
2 0.6700442834138486 0.46409333333333336 0.035756843800322034 0.053253333333333326
2 0.6900241545893719 0.4668 0.039629629629629654 0.050293333333333294
2 0.7115539452495975 0.4617866666666667 0.04655394524959737 0.052533333333333376
2 0.748780193236715 0.4457866666666667 0.04976650563607081 0.07343999999999998
2 0.7676247987117553 0.4546933333333333 0.04446054750402579 0.049973333333333356
2 0.7851932367149759 0.45541333333333334 0.039001610305958084 0.045760000000000065
