2 0.9745289855072464 0.7764266666666666 0.049331723027375186 0.44181333333333334
2 0.7640136876006441 0.7310399999999999 0.23873590982286644 0.5017600000000001
2 0.17869565217391303 0.6941066666666666 0.17658615136876007 0.3213866666666667
2 0.3844444444444445 0.5454533333333333 0.03689210950080515 0.0873866666666667
2 0.5366264090177134 0.50908 0.031690821256038657 0.08205333333333328
2 0.399621578099839 0.53464 0.032254428341384866 0.072
2 0.13105072463768114 0.5760133333333333 0.05891304347826086 0.07538666666666662
2 0.16469806763285025 0.5700666666666666 0.053196457326892106 0.07351999999999997
2 0.19718196457326892 0.5638933333333334 0.05631239935587762 0.0794666666666667
2 0.23453703703703704 0.5648799999999999 0.049428341384863114 0.07930666666666661
