2 0.13349436392914654 0.76172 0.2669887278582931 0.4712266666666667
2 0.9582528180354268 0.5589999999999999 0.08188405797101453 0.31671999999999995
2 0.8828019323671498 0.53264 0.13260869565217387 0.2584
2 0.8218438003220612 0.52452 0.12285024154589366 0.20216
2 0.7763244766505636 0.51208 0.11501610305958125 0.17898666666666668
2 0.7445289855072463 0.5133599999999999 0.10995974235104673 0.14074666666666666
2 0.6551449275362319 0.6196666666666667 0.13264090177133647 0.31864000000000003
2 0.6044243156199678 0.5677733333333332 0.0725684380032206 0.17016
2 0.3656119162640902 0.5783066666666666 0.09924315619967798 0.21479999999999994
2 0.40496376811594204 0.5278933333333332 0.0736634460547504 0.19557333333333335
2 0.6495772946859903 0.47766666666666663 0.07852657004830915 0.11234666666666665
2 0.4415821256038648 0.51676 0.03965378421900161 0.10130666666666668
2 0.480805152979066 0.4907066666666666 0.05194847020933976 0.06231999999999993
3 0.5248993558776167 0.44349333333333335 0.050813204508856694 0.176
