2 0.05411835748792271 0.79936 0.10823671497584542 0.3959466666666666
2 0.15118760064412237 0.7205599999999999 0.19936392914653783 0.34666666666666657
2 0.2738727858293076 0.6234533333333333 0.11096618357487922 0.20072
2 0.9025040257648954 0.5028 0.19338164251207726 0.28063999999999995
2 0.8492230273752014 0.48551999999999995 0.15039452495974243 0.24010666666666663
2 0.7889452495974234 0.48935999999999996 0.14571658615136868 0.20149333333333333
2 0.7315096618357488 0.49266666666666664 0.12735104669887276 0.16128000000000003
2 0.347926731078905 0.56904 0.06865539452495972 0.1306133333333333
2 0.5969243156199678 0.5566666666666666 0.0781320450885668 0.1756266666666667
2 0.5705193236714976 0.53304 0.05231078904991951 0.14021333333333336
