2 0.057528180354267315 0.7505333333333333 0.11505636070853463 0.4936
2 0.09581723027375201 0.6830799999999999 0.19163446054750402 0.40615999999999997
2 0.630012077294686 0.6343866666666667 0.11073268921095006 0.2454133333333334
2 0.16712962962962963 0.6386666666666666 0.23221417069243153 0.29957333333333336
2 0.22392109500805155 0.59536 0.17702093397745572 0.2757866666666667
2 0.28130434782608693 0.5623333333333334 0.12653784219001607 0.18957333333333326
2 0.6758293075684381 0.56964 0.12690821256038648 0.1351733333333333
2 0.6084420289855073 0.5245466666666666 0.09021739130434787 0.11597333333333328
2 0.34126006441223833 0.4965866666666666 0.09759259259259258 0.16703999999999997
2 0.5274919484702093 0.4867866666666667 0.03496779388083741 0.11997333333333328
2 0.38010466988727853 0.5152133333333333 0.0734138486312399 0.08125333333333333
2 0.3997463768115942 0.5009066666666666 0.06371175523349432 0.08746666666666669
2 0.512926731078905 0.47818666666666665 0.023341384863124 0.09088000000000003
