2 0.2589935587761675 0.7400666666666665 0.2492914653784219 0.5145333333333333
2 0.8195853462157809 0.7502266666666666 0.35921900161030595 0.49421333333333334
2 0.6257608695652174 0.6715066666666666 0.13612721417069248 0.3384266666666666
2 0.3594887278582931 0.6217066666666666 0.09646537842190016 0.27605333333333326
2 0.3904428341384863 0.5793999999999999 0.07201288244766506 0.1766133333333333
2 0.574621578099839 0.5757599999999999 0.07566827697262472 0.19013333333333335
2 0.5451811594202899 0.5471866666666666 0.054017713365539385 0.14002666666666663
2 0.43315619967793884 0.5241066666666667 0.03552334943639292 0.09711999999999997
2 0.44879227053140097 0.5030666666666667 0.03074074074074079 0.10133333333333333
2 0.4618760064412238 0.50188 0.027987117552334937 0.08359999999999998
