2 0.12325163398692812 0.7675000000000001 0.24650326797385624 0.4595945945945947
0 0.8557843137254902 0.5780135135135136 0.0857843137254902 0.41348648648648656
0 0.5466625816993465 0.6214864864864865 0.057459150326797326 0.4067027027027027
0 0.5469934640522875 0.6393918918918919 0.06753267973856207 0.45651351351351344
1 0.8232598039215686 0.4945135135135135 0.02962418300653594 0.18670270270270267
0 0.16683006535947711 0.6090945945945946 0.03839869281045752 0.2873783783783784
0 0.1622794117647059 0.6185675675675676 0.02777777777777778 0.28248648648648644
1 0.7199795751633988 0.5756081081081081 0.10120098039215687 0.29645945945945945
2 0.3791625816993464 0.49614864864864866 0.02806372549019605 0.0668918918918919
2 0.8470302287581698 0.46706756756756757 0.1033088235294118 0.10651351351351351
