2 0.3732326892109501 0.6118533333333332 0.10557971014492754 0.27416000000000007
2 0.8297061191626408 0.7757066666666667 0.33897745571658616 0.44325333333333333
2 0.6339331723027375 0.6428933333333333 0.12111916264090174 0.3160800000000001
2 0.5743478260869566 0.5771866666666666 0.07607085346215782 0.19789333333333334
2 0.406694847020934 0.5956666666666667 0.06218196457326894 0.18071999999999994
2 0.4209822866344606 0.5532933333333333 0.05027375201288249 0.12781333333333328
2 0.5527495974235105 0.5411466666666667 0.05350241545893723 0.13727999999999996
2 0.5345772946859902 0.5256133333333334 0.04128019323671505 0.10845333333333329
2 0.4448228663446055 0.51216 0.029098228663446045 0.08138666666666662
2 0.4572383252818035 0.4973733333333333 0.02597423510466988 0.0870133333333334
2 0.4672222222222222 0.4960266666666666 0.02434782608695653 0.07322666666666669
