2 0.494110305958132 0.5346266666666667 0.047512077294686074 0.12792
2 0.24378421900161032 0.6176133333333332 0.16365539452495975 0.2435466666666666
2 0.3001006441223833 0.5863866666666666 0.12648148148148147 0.18226666666666663
2 0.3446256038647343 0.5353466666666666 0.07783413848631242 0.1275466666666666
2 0.42481884057971014 0.5512933333333333 0.05773752012882451 0.12274666666666667
2 0.3919162640901771 0.5143066666666667 0.058003220611916234 0.08189333333333335
2 0.7014412238325283 0.5536933333333333 0.24106280193236712 0.6504266666666666
2 0.5899074074074073 0.55984 0.0801529790660226 0.18192
2 0.566243961352657 0.54064 0.05754428341384865 0.1258666666666667
2 0.5522987117552335 0.5114133333333333 0.04026570048309178 0.11344000000000005
2 0.5228019323671497 0.5010266666666666 0.023381642512077357 0.06008
2 0.07956924315619968 0.6337600000000001 0.15913848631239935 0.23936000000000004
2 0.18386876006441225 0.5402266666666666 0.14390499194847023 0.2601866666666666
2 0.49141706924315615 0.5101066666666667 0.03130434782608695 0.0946133333333333
2 0.05453301127214171 0.5675066666666666 0.10906602254428342 0.14424
