2 0.09948067632850242 0.74568 0.19896135265700485 0.5033066666666667
2 0.7005434782608696 0.6805466666666666 0.1630515297906602 0.35090666666666664
2 0.20806360708534624 0.6060533333333332 0.2118438003220612 0.22431999999999994
2 0.29815217391304344 0.5627333333333333 0.12686795491143316 0.15991999999999998
2 0.32979066022544284 0.5557333333333333 0.1278582930756844 0.14559999999999998
2 0.3396980676328502 0.5453466666666666 0.11155394524959743 0.13170666666666664
2 0.6317753623188406 0.5962399999999999 0.09620772946859904 0.24058666666666664
2 0.5682045088566828 0.54032 0.042946859903381665 0.10277333333333331
2 0.37525362318840577 0.54064 0.08330917874396133 0.11583999999999998
2 0.3865901771336554 0.5272666666666667 0.07213365539452499 0.12082666666666667
2 0.533719806763285 0.48268 0.024041867954911353 0.08546666666666669
2 0.4315378421900161 0.5035999999999999 0.05017713365539452 0.056373333333333296
