2 0.8379710144927536 0.7498266666666666 0.32244766505636074 0.4950133333333333
2 0.3766022544283414 0.5214533333333333 0.07938808373590979 0.10114666666666661
0 0.36033816425120774 0.5288933333333332 0.014090177133655395 0.15256000000000003
1 0.7747061191626409 0.5464533333333332 0.08152173913043478 0.19733333333333333
2 0.5779106280193237 0.49242666666666673 0.06696457326892115 0.08325333333333333
2 0.7448993558776167 0.48445333333333335 0.07894524959742356 0.07509333333333332
2 0.9560466988727857 0.46939999999999993 0.08629629629629634 0.10141333333333333
2 0.410768921095008 0.5113733333333332 0.057302737520128835 0.07768000000000005
2 0.21012479871175524 0.5264266666666666 0.06342190016103061 0.08144000000000005
2 0.47101449275362317 0.4865733333333333 0.019726247987117553 0.044133333333333365
2 0.4410990338164251 0.4923733333333333 0.02298711755233491 0.045119999999999966
