2 0.052701288244766505 0.7390133333333333 0.10540257648953301 0.51664
2 0.6546296296296296 0.6584933333333333 0.13590982286634465 0.2957066666666666
2 0.11965780998389695 0.6652133333333333 0.2393156199677939 0.36776000000000003
2 0.17280193236714977 0.617 0.21571658615136874 0.3285066666666667
2 0.2535305958132045 0.5658533333333333 0.145402576489533 0.21442666666666665
2 0.6943478260869566 0.5814266666666666 0.14190016103059583 0.15010666666666672
2 0.6161795491143318 0.5180133333333333 0.09667471819645737 0.12391999999999999
2 0.32908615136876007 0.49667999999999995 0.10591787439613527 0.18034666666666666
2 0.5286795491143317 0.47766666666666663 0.037004830917874425 0.1265333333333333
2 0.37359098228663445 0.5066666666666666 0.07784219001610307 0.08592000000000007
2 0.3947141706924316 0.49466666666666664 0.06699677938808377 0.09178666666666671
2 0.5129951690821256 0.46815999999999997 0.024299516908212613 0.09413333333333336
2 0.43373993558776164 0.46973333333333334 0.0450483091787439 0.07333333333333333
