2 0.5013808373590982 0.56444 0.05719001610305956 0.15511999999999995
2 0.04544283413848631 0.5774666666666667 0.09088566827697261 0.24730666666666667
2 0.6699194847020934 0.5806933333333333 0.1450563607085346 0.41210666666666657
0 0.18865136876006441 0.69128 0.06575684380032205 0.6121066666666666
2 0.164597423510467 0.5245599999999999 0.11049919484702093 0.18341333333333332
2 0.30041062801932367 0.5798133333333333 0.13705314009661837 0.24202666666666664
2 0.3307407407407407 0.5648933333333334 0.12165861513687598 0.17197333333333334
2 0.36092592592592593 0.5511466666666667 0.11190016103059583 0.14351999999999998
2 0.4025161030595813 0.5323866666666666 0.06965378421900156 0.11053333333333337
2 0.4322302737520129 0.5061599999999999 0.05180354267310787 0.06805333333333329
2 0.5886835748792271 0.5506933333333333 0.05834943639291468 0.12672000000000003
2 0.5682648953301127 0.5162666666666667 0.04487117552334945 0.11450666666666666
0 0.5483574879227052 0.51632 0.010064412238325281 0.09829333333333337
2 0.4908695652173913 0.5257866666666667 0.03262479871175522 0.0986133333333333
2 0.23475845410628018 0.5087733333333334 0.06731078904991948 0.09210666666666664
