2 0.4990297906602255 0.5302666666666667 0.04847826086956516 0.1306133333333333
2 0.12506843800322062 0.6993066666666666 0.23384057971014494 0.4010666666666667
2 0.22937600644122383 0.63528 0.16857487922705314 0.26693333333333324
2 0.31503623188405794 0.54752 0.0936634460547504 0.15983999999999998
2 0.4090780998389694 0.5720533333333333 0.07735104669887279 0.15968
2 0.37646537842190014 0.5150399999999999 0.06528180354267314 0.09482666666666659
2 0.8160305958132045 0.49866666666666665 0.36632850241545895 0.9973333333333333
0 0.6624275362318841 0.6212266666666667 0.03247181964573263 0.3008533333333333
2 0.6319484702093398 0.593 0.11948470209339782 0.2586933333333333
2 0.590805152979066 0.5554666666666667 0.07843800322061188 0.16325333333333333
2 0.566195652173913 0.5118133333333333 0.05042673107890499 0.13701333333333332
2 0.5298470209339775 0.49887999999999993 0.026376811594202892 0.06704000000000004
2 0.0952938808373591 0.5558266666666667 0.1905877616747182 0.3664799999999999
2 0.49334541062801934 0.50292 0.030974235104669907 0.09357333333333326
2 0.2205756843800322 0.5104533333333333 0.06008856682769726 0.08736000000000005
