2 0.4790249798549557 0.5174867021276596 0.027139403706688114 0.08167553191489364
2 0.03252618855761483 0.6833909574468084 0.06505237711522965 0.3218351063829787
2 0.13875906526994358 0.6130718085106382 0.16850926672038677 0.25869680851063825
2 0.30441982272360996 0.6271675531914893 0.12286059629331182 0.24561170212765962
2 0.2690048348106366 0.5669813829787234 0.0773166800966962 0.11997340425531919
2 0.38107977437550355 0.5523936170212765 0.054149879129734076 0.1215425531914894
2 0.33730459307010474 0.5320345744680851 0.04416599516518936 0.0999202127659575
2 0.4041055600322321 0.5294547872340425 0.03692989524576953 0.0851329787234043
2 0.42373489121676067 0.5249069148936171 0.02618049959709912 0.06289893617021278
2 0.24830781627719578 0.5273404255319148 0.06976631748589845 0.13436170212765952
