2 0.9479710144927537 0.5889866666666667 0.10244766505636071 0.33376
2 0.8708534621578099 0.54496 0.159194847020934 0.25237333333333334
2 0.8309178743961353 0.7596133333333334 0.3365539452495974 0.47544
2 0.10479468599033817 0.75164 0.20958937198067634 0.4913866666666667
2 0.22995571658615138 0.6548666666666666 0.23759259259259258 0.5396533333333333
2 0.8003502415458937 0.5428799999999999 0.127512077294686 0.19738666666666668
2 0.7128623188405797 0.508 0.1348067632850242 0.18661333333333338
2 0.7050483091787441 0.50368 0.15945249597423516 0.17962666666666668
2 0.3334057971014493 0.5962666666666667 0.11384863123993562 0.2596800000000001
2 0.37662238325281805 0.5722666666666666 0.07153784219001617 0.17248000000000002
3 0.5066384863123994 0.4557066666666666 0.08089371980676331 0.2333866666666667
