2 0.17260064412238327 0.7600666666666666 0.3211433172302738 0.4745333333333333
0 0.6777576489533012 0.5218666666666666 0.021392914653784168 0.20362666666666662
2 0.6833212560386474 0.6180533333333332 0.11760869565217395 0.2606933333333333
2 0.6360346215780999 0.55812 0.07569243156199677 0.17016
2 0.39900966183574876 0.5783466666666667 0.07660225442834137 0.1733866666666666
2 0.4305958132045088 0.5464933333333333 0.04859903381642513 0.1257866666666667
2 0.6031964573268922 0.5444933333333333 0.05421900161030598 0.12818666666666664
2 0.45090982286634457 0.5307466666666667 0.039565217391304336 0.11194666666666671
2 0.4851207729468599 0.5179733333333333 0.038808373590982326 0.08479999999999994
2 0.555096618357488 0.5002666666666667 0.03967793880837366 0.06309333333333332
