0 0.9142528271405493 0.6379812834224599 0.16987883683360255 0.7186898395721926
0 0.9067568659127626 0.5990374331550802 0.08957189014539589 0.6892513368983956
0 0.27281098546042004 0.7405748663101605 0.09342487883683358 0.3423262032085561
0 0.06630452342487883 0.8750267379679144 0.13260904684975766 0.24459893048128345
0 0.40837237479806143 0.5771524064171123 0.026389337641356998 0.29922459893048126
0 0.3882067851373183 0.5877139037433154 0.03231017770597738 0.28831550802139044
0 0.49444264943457195 0.5256550802139037 0.024765751211631732 0.20371657754010694
0 0.5020193861066237 0.49741978609625664 0.018852988691437738 0.14740641711229943
0 0.5398465266558967 0.5247727272727272 0.014539579967689823 0.19671122994652412
0 0.5884571890145396 0.49703208556149725 0.016962843295638127 0.1690374331550802
2 0.4589499192245558 0.4803743315508021 0.027043618739902995 0.06898395721925137
0 0.3689499192245558 0.5342914438502673 0.017770597738287562 0.19901069518716571
0 0.563481421647819 0.5145187165775401 0.015072697899838424 0.1718716577540107
