0 0.31804750402576487 0.48484 0.012342995169082114 0.10871999999999994
2 0.3059983896940418 0.4718666666666666 0.04908212560386472 0.12416
2 0.33954508856682775 0.4808799999999999 0.04826892109500804 0.0913066666666666
2 0.3864291465378422 0.47324 0.05635265700483097 0.07864000000000002
2 0.513317230273752 0.45958666666666664 0.053848631239935586 0.09735999999999997
2 0.5347101449275362 0.4642533333333333 0.04104669887278584 0.06519999999999997
2 0.5694323671497584 0.4590666666666667 0.04306763285024155 0.06917333333333332
2 0.5955998389694042 0.46708 0.04768921095008053 0.05426666666666673
2 0.6186755233494364 0.46793333333333337 0.034983896940418716 0.05442666666666666
2 0.6375523349436393 0.4684933333333333 0.039629629629629654 0.051386666666666615
2 0.6589009661835749 0.46432 0.04630434782608695 0.05333333333333333
2 0.6942109500805154 0.44748 0.048663446054750356 0.07405333333333336
2 0.7113083735909822 0.4522933333333334 0.042971014492753624 0.05013333333333329
2 0.7285064412238326 0.4574533333333334 0.037592592592592546 0.04568000000000006
