2 0.12469806763285024 0.7349466666666666 0.2248228663446055 0.3906933333333334
2 0.35294685990338165 0.6277866666666667 0.09745571658615139 0.2337066666666667
2 0.24130032206119162 0.6519733333333333 0.13045893719806761 0.2508266666666666
1 0.6790901771336555 0.6114266666666666 0.09465378421900165 0.2653066666666666
2 0.9488888888888889 0.54428 0.1006119162640902 0.2749599999999999
1 0.7108494363929146 0.63148 0.10448470209339773 0.31266666666666665
0 0.17761674718196457 0.6 0.020933977455716585 0.22842666666666664
2 0.4195571658615137 0.5507066666666666 0.04046698872785833 0.11597333333333328
2 0.4460708534621578 0.5165333333333333 0.01838969404186798 0.05557333333333334
2 0.4543317230273752 0.49232 0.016006441223832525 0.0627733333333333
2 0.5460466988727859 0.5280666666666666 0.07410628019323677 0.09677333333333331
2 0.5200483091787439 0.5085466666666666 0.051272141706924367 0.07090666666666667
2 0.3953985507246377 0.55864 0.0645813204508857 0.1937066666666667
