2 0.47660628019323664 0.5434133333333333 0.04667471819645726 0.12586666666666663
2 0.2573349436392915 0.7559866666666667 0.22375201288244764 0.4826933333333333
2 0.34569645732689214 0.6428666666666666 0.11472624798711756 0.2637599999999999
2 0.24242753623188407 0.6129600000000001 0.12818840579710145 0.2130133333333334
2 0.33322866344605473 0.5441466666666667 0.08198067632850241 0.11709333333333333
2 0.4372342995169082 0.5156666666666666 0.03182769726247985 0.07576000000000006
2 0.3977254428341385 0.5022 0.05313204508856684 0.06872000000000003
2 0.8615740740740742 0.8047333333333333 0.2752415458937198 0.38519999999999993
2 0.6938607085346217 0.6999199999999999 0.18411433172302735 0.43695999999999996
2 0.5371135265700483 0.5315733333333333 0.04356682769726249 0.10789333333333327
3 0.5313164251207729 0.45493333333333336 0.051988727858293025 0.1987733333333333
0 0.5822785829307568 0.5046133333333334 0.010466988727858293 0.11045333333333329
2 0.14733494363929148 0.5433466666666666 0.0898389694041868 0.10919999999999996
2 0.47958132045088564 0.51512 0.02935587761674721 0.08879999999999995
2 0.016368760064412236 0.5808666666666666 0.03273752012882447 0.154
