2 0.49986714975845414 0.5507333333333333 0.05591787439613521 0.1505333333333333
2 0.02671497584541063 0.5666933333333333 0.05342995169082126 0.24826666666666664
2 0.6955837359098228 0.5877466666666665 0.17472624798711756 0.4783199999999999
0 0.11386876006441225 0.6687466666666666 0.08480676328502415 0.6571733333333333
2 0.13829307568438 0.5181066666666667 0.12529790660225443 0.20026666666666665
2 0.282061191626409 0.5747866666666667 0.14962962962962967 0.27160000000000006
2 0.3203301127214171 0.5625199999999999 0.12962962962962962 0.18626666666666664
2 0.3530193236714976 0.5502133333333332 0.11863123993558779 0.15408
2 0.39968599033816427 0.51924 0.07315619967793882 0.11586666666666663
2 0.4310064412238326 0.48642666666666673 0.053381642512077304 0.07024000000000001
2 0.5959259259259259 0.54632 0.0633333333333334 0.13434666666666664
2 0.5723631239935588 0.5194266666666667 0.047479871175523373 0.12024
0 0.5464975845410628 0.5081466666666666 0.014492753623188406 0.10290666666666667
2 0.49219001610305957 0.50968 0.03227053140096622 0.09754666666666661
2 0.22543880837359098 0.49173333333333336 0.07128019323671497 0.09616000000000001
