2 0.7175925925925926 0.7122533333333332 0.23027375201288244 0.46226666666666666
1 0.24280193236714975 0.6677066666666666 0.08573268921095009 0.4326399999999999
2 0.20129629629629628 0.6760133333333332 0.16436392914653783 0.30685333333333337
2 0.5733494363929147 0.5633466666666667 0.10529790660225441 0.2544266666666666
2 0.266622383252818 0.59764 0.1078502415458937 0.21032
2 0.49194041867954913 0.5251333333333333 0.04776167471819641 0.11618666666666672
2 0.344597423510467 0.5354933333333334 0.038840579710144936 0.09077333333333339
2 0.46405797101449275 0.5091199999999999 0.029822866344605445 0.08149333333333333
0 0.3326972624798712 0.499 0.010193236714975866 0.08696000000000004
0 0.32331723027375203 0.5107466666666666 0.009774557165861503 0.08725333333333332
1 0.3156682769726248 0.6275333333333333 0.061223832528180325 0.3230133333333333
