2 0.9464256535947713 0.5651216216216216 0.10551470588235302 0.13840540540540536
2 0.8943504901960784 0.5630945945945947 0.10134803921568623 0.13175675675675677
2 0.825890522875817 0.5619324324324324 0.0946241830065359 0.1419189189189189
2 0.5061315359477124 0.5077162162162163 0.027802287581699326 0.08197297297297301
1 0.64984477124183 0.6457297297297299 0.12990196078431374 0.4194054054054054
1 0.7972671568627452 0.6033108108108108 0.1535539215686274 0.4386756756756757
1 0.29242238562091505 0.5705810810810812 0.050955882352941184 0.24483783783783794
0 0.15741830065359477 0.4674054054054054 0.017124183006535953 0.1283783783783784
0 0.16091503267973856 0.5023378378378379 0.021519607843137258 0.17894594594594598
0 0.13548611111111108 0.49266216216216224 0.02232843137254903 0.1826756756756757
0 0.7753022875816994 0.6840405405405405 0.06209150326797386 0.5565675675675676
0 0.7923406862745098 0.6513783783783784 0.05855392156862742 0.5158918918918919
0 0.897001633986928 0.6701081081081082 0.06727124183006529 0.6077837837837838
0 0.9476143790849675 0.6872972972972974 0.1031372549019608 0.62
