2 0.061179549114331724 0.7530533333333332 0.12235909822866345 0.48856
2 0.10277777777777779 0.6852933333333333 0.20555555555555557 0.38343999999999995
2 0.18651771336553943 0.6096933333333333 0.20833333333333334 0.2636
2 0.22698067632850244 0.5502266666666666 0.18932367149758456 0.2724000000000001
1 0.41721819645732683 0.5384133333333333 0.016884057971014468 0.12487999999999995
2 0.9158252818035426 0.7510933333333332 0.16673913043478253 0.49248000000000003
2 0.8619887278582931 0.6573733333333333 0.2663607085346216 0.33624
2 0.7835668276972625 0.61608 0.1751046698872786 0.2644266666666667
2 0.7277375201288245 0.5966133333333333 0.18624798711755228 0.2282133333333333
2 0.6830475040257649 0.5769866666666666 0.16074879227053138 0.17397333333333334
2 0.6629468599033816 0.5480133333333334 0.12789049919484696 0.18381333333333336
2 0.33846618357487923 0.5340533333333334 0.10451690821256034 0.11333333333333333
2 0.35898550724637684 0.5291333333333333 0.0875684380032206 0.10152000000000005
2 0.5269363929146538 0.5220533333333334 0.03638486312399351 0.08917333333333333
2 0.5101610305958132 0.50156 0.0213365539452496 0.060133333333333365
2 0.49452495974235106 0.47413333333333335 0.012689210950080508 0.04981333333333327
