2 0.4967391304347826 0.51952 0.03539452495974229 0.11088000000000003
2 0.8884259259259258 0.7430666666666665 0.22153784219001607 0.5085333333333333
2 0.751147342995169 0.6591999999999999 0.2013768115942029 0.43535999999999997
2 0.6877375201288244 0.5956933333333333 0.16587761674718196 0.2670666666666666
2 0.6463365539452496 0.5555866666666667 0.13328502415458934 0.218
2 0.6252979066022545 0.5461866666666666 0.09847020933977452 0.15850666666666666
2 0.6063486312399357 0.5269866666666667 0.09644927536231881 0.12618666666666664
2 0.4337238325281803 0.4904266666666666 0.016095008051529705 0.03770666666666663
2 0.3947866344605475 0.5194133333333333 0.03155394524959742 0.07237333333333329
2 0.5705354267310789 0.5030533333333332 0.06791465378421901 0.08888000000000003
2 0.5506481481481481 0.49729333333333336 0.054710144927536265 0.0691466666666666
2 0.5370813204508857 0.48351999999999995 0.044742351046698915 0.06799999999999999
2 0.3869404186795491 0.4962 0.024476650563607066 0.05490666666666667
2 0.3647946859903382 0.48935999999999996 0.016046698872785835 0.04192
