2 0.9958977455716586 0.72412 0.006594202898550769 0.5464266666666666
2 0.36186795491143314 0.6676266666666667 0.18429951690821253 0.36965333333333333
2 0.8376650563607086 0.75912 0.3230595813204509 0.47642666666666666
2 0.7273711755233494 0.6768 0.17677133655394522 0.40186666666666665
2 0.9592028985507246 0.49253333333333327 0.07998389694041862 0.2151466666666666
2 0.9122181964573268 0.49354666666666663 0.16351851851851845 0.2553066666666666
2 0.8085950080515298 0.5122133333333333 0.1416022544283414 0.2267733333333333
2 0.4219565217391304 0.5701066666666667 0.07164251207729465 0.16789333333333334
2 0.45035024154589376 0.5399466666666667 0.06174718196457322 0.1295466666666667
2 0.7245813204508857 0.49998666666666663 0.06982286634460541 0.10733333333333334
2 0.6012721417069243 0.5228 0.039645732689210955 0.10725333333333333
2 0.4858896940418679 0.51396 0.03754428341384863 0.09042666666666666
3 0.5638808373590981 0.45499999999999996 0.03673107890499195 0.12119999999999996
