2 0.707109500805153 0.6497333333333333 0.16549114331723025 0.3220266666666666
2 0.47633655394524954 0.5028133333333333 0.06272141706924314 0.0746933333333333
0 0.3865297906602254 0.5190533333333333 0.011272141706924315 0.1284533333333333
1 0.7270772946859904 0.5333066666666667 0.0622544283413849 0.1584
2 0.642975040257649 0.48134666666666664 0.06012077294685987 0.0736266666666667
2 0.793095813204509 0.4716533333333333 0.07625603864734312 0.07034666666666665
2 0.9683695652173914 0.46116 0.0616505636070853 0.09245333333333337
2 0.35168276972624796 0.5114266666666666 0.05167471819645733 0.0734666666666667
2 0.21551127214170693 0.5205466666666666 0.04960547504025766 0.07053333333333338
2 0.47975040257648954 0.4862533333333333 0.018325281803542665 0.04146666666666669
2 0.45105877616747175 0.489 0.021409017713365563 0.04242666666666673
