2 0.1782487922705314 0.6066666666666667 0.09124798711755235 0.15952000000000005
2 0.4202858293075684 0.5002 0.02873590982286639 0.08440000000000002
2 0.36833333333333335 0.48216 0.038164251207729497 0.09903999999999996
2 0.330012077294686 0.5426799999999999 0.05021739130434783 0.10573333333333335
2 0.27168679549114333 0.5537066666666666 0.057206119162640866 0.10415999999999993
1 0.24342592592592596 0.5660933333333333 0.03649758454106279 0.18050666666666665
0 0.3823913043478261 0.5065866666666666 0.00644122383252818 0.06160000000000006
2 0.9306481481481481 0.5141466666666666 0.13709339774557164 0.28343999999999997
2 0.2548107890499195 0.5163866666666667 0.05150563607085344 0.05266666666666667
2 0.7927536231884058 0.44257333333333326 0.028534621578099884 0.049573333333333344
