1 0.7410498366013073 0.6133108108108108 0.04160947712418297 0.24354054054054058
1 0.3152165032679739 0.7321756756756757 0.20288398692810458 0.5302432432432432
1 0.5932393790849674 0.6036351351351351 0.034599673202614305 0.21056756756756764
0 0.2644648692810458 0.5409459459459459 0.01280228758169936 0.1337297297297297
0 0.28028186274509803 0.5428378378378379 0.0136192810457516 0.11562162162162164
1 0.5594566993464053 0.5457297297297298 0.028259803921568655 0.10421621621621623
0 0.388031045751634 0.5403648648648649 0.013071895424836602 0.12354054054054049
0 0.3806454248366013 0.542391891891892 0.014983660130718935 0.10429729729729731
0 0.5769730392156862 0.539 0.010890522875817028 0.1070810810810811
0 0.597687908496732 0.561945945945946 0.018790849673202614 0.10843243243243238
