2 0.17886070853462158 0.7385599999999999 0.24182769726247988 0.45669333333333323
2 0.8676771336553945 0.449 0.2002979066022544 0.22914666666666667
2 0.9512520128824477 0.4280133333333333 0.09588566827697256 0.14216
2 0.370462962962963 0.5648933333333332 0.06923510466988729 0.14610666666666663
2 0.3160990338164251 0.6034666666666666 0.11767310789049922 0.23221333333333327
2 0.5944162640901771 0.5104933333333334 0.053373590982286605 0.11821333333333328
2 0.401292270531401 0.5390133333333333 0.04839774557165863 0.11728000000000005
2 0.4237640901771337 0.5319066666666666 0.03284219001610308 0.08712000000000004
2 0.5235466988727858 0.5113866666666667 0.032391304347826104 0.08426666666666664
2 0.604500805152979 0.5082533333333333 0.0850080515297907 0.09794666666666671
2 0.5578260869565218 0.49926666666666664 0.038840579710144936 0.06914666666666668
2 0.5370692431561996 0.4680666666666666 0.035684380032206156 0.043066666666666684
2 0.4517310789049919 0.4707199999999999 0.036312399355877635 0.03589333333333335
