2 0.4891908212560387 0.5022800000000001 0.01931561996779389 0.06088000000000003
2 0.9462077294685991 0.7711333333333333 0.1059742351046698 0.4524
2 0.43450080515297906 0.5283733333333333 0.036392914653784254 0.09568000000000006
2 0.6606481481481481 0.6445866666666665 0.13601449275362323 0.3102933333333333
2 0.6005676328502415 0.5844933333333333 0.09145732689210953 0.23021333333333335
2 0.5742230273752013 0.5522133333333332 0.05815619967793873 0.17920000000000003
2 0.5465257648953302 0.5295733333333333 0.041602254428341354 0.10655999999999995
2 0.5246940418679549 0.5047333333333334 0.02296296296296295 0.06786666666666663
2 0.5373389694041868 0.5166933333333333 0.03284219001610303 0.09391999999999999
2 0.3458333333333333 0.5193466666666666 0.05045893719806765 0.06221333333333329
2 0.2800644122383253 0.52024 0.05690821256038648 0.06485333333333332
0 0.6227979066022544 0.5183866666666666 0.018784219001610248 0.17842666666666665
