2 0.1381682769726248 0.7497199999999999 0.2710064412238325 0.4446666666666666
2 0.9049033816425119 0.7718933333333332 0.18858293075684382 0.45088
2 0.27962157809983895 0.6297333333333333 0.13861513687600646 0.23989333333333335
2 0.7534983896940419 0.7116666666666667 0.2385587761674718 0.44365333333333334
2 0.40233896940418684 0.53104 0.043550724637681136 0.10069333333333338
2 0.6490297906602255 0.60712 0.11157004830917878 0.2453866666666667
2 0.6087399355877617 0.56716 0.06897745571658612 0.16781333333333334
2 0.5855877616747182 0.54548 0.05510466988727854 0.12648
2 0.4179347826086957 0.5256933333333333 0.03886473429951694 0.08941333333333333
2 0.5763969404186795 0.5257866666666667 0.04066827697262479 0.10159999999999998
