0 0.8325363489499193 0.6523128342245988 0.07512116316639751 0.6193850267379679
0 0.5209693053311794 0.6267379679144385 0.04361873990306947 0.3879144385026737
0 0.27431744749596126 0.6855080213903743 0.06596930533117934 0.5503208556149732
0 0.7889095315024234 0.655307486631016 0.08696284329563811 0.6840374331550801
1 0.3553473344103392 0.682807486631016 0.07444264943457192 0.45844919786096267
0 0.31403069466882066 0.6696256684491978 0.05310177705977384 0.25951871657754016
0 0.4060662358642973 0.5207486631016042 0.012390953150242306 0.1488235294117647
0 0.3918659127625202 0.5284491978609624 0.013198707592891788 0.1398395721925133
0 0.4585056542810986 0.5288770053475936 0.015347334410339258 0.1623529411764706
0 0.4800242326332795 0.529451871657754 0.009289176090468499 0.15553475935828873
0 0.4247980613893376 0.5267647058823529 0.016962843295638127 0.15342245989304812
