2 0.03273752012882447 0.7023866666666666 0.06547504025764894 0.35991999999999996
2 0.12242753623188406 0.61932 0.1886876006441224 0.24477333333333331
2 0.18989130434782606 0.5774133333333333 0.1532769726247987 0.19605333333333327
2 0.22832125603864734 0.5707333333333332 0.13965378421900163 0.15826666666666664
2 0.2658454106280193 0.5428266666666667 0.1240901771336554 0.15818666666666664
2 0.29681159420289854 0.54524 0.0969243156199678 0.12317333333333333
2 0.312512077294686 0.5322533333333334 0.08413848631239935 0.09976000000000006
2 0.32812399355877614 0.5327733333333333 0.06732689210950077 0.104
2 0.34984702093397746 0.5292800000000001 0.06950080515297906 0.08026666666666665
2 0.36071658615136876 0.5069333333333333 0.0600805152979066 0.08933333333333333
2 0.3741988727858293 0.51096 0.05958937198067632 0.07936000000000006
2 0.384158615136876 0.50768 0.055370370370370355 0.07119999999999997
