2 0.3497630718954249 0.5996081081081082 0.11330065359477125 0.24321621621621625
1 0.87609477124183 0.46598648648648655 0.07910130718954253 0.205972972972973
1 0.798827614379085 0.46289189189189195 0.057050653594771183 0.16605405405405405
0 0.460718954248366 0.5180675675675676 0.025326797385620915 0.17148648648648646
1 0.6382843137254902 0.47532432432432437 0.034771241830065316 0.1053513513513514
0 0.338639705882353 0.5250945945945946 0.018553921568627483 0.19310810810810808
1 0.7030678104575164 0.47166216216216217 0.02280228758169932 0.11786486486486483
0 0.18188725490196078 0.5523378378378379 0.017467320261437904 0.14727027027027031
0 0.1785825163398693 0.5588648648648649 0.020678104575163402 0.1418378378378379
1 0.26469771241830065 0.5502297297297297 0.06383986928104574 0.18694594594594593
0 0.23841503267973857 0.5491621621621622 0.023496732026143784 0.14648648648648646
0 0.21592728758169938 0.5577027027027027 0.027263071895424842 0.1801081081081081
0 0.3056699346405229 0.5253513513513514 0.019542483660130734 0.1821081081081081
2 0.9550163398692811 0.43229729729729727 0.08833333333333325 0.10518918918918917
2 0.874779411764706 0.4605135135135135 0.10009803921568626 0.0890270270270271
