2 0.8875764895330112 0.7664933333333334 0.2232367149758454 0.46168
2 0.19497584541062804 0.5803466666666667 0.14090177133655396 0.18256000000000003
0 0.33351851851851855 0.5378266666666667 0.018438003220611943 0.17997333333333335
1 0.8437801932367149 0.5636933333333333 0.1094605475040258 0.24909333333333325
2 0.4926972624798711 0.5068266666666666 0.07689210950080515 0.10080000000000003
2 0.6840297906602255 0.4904266666666666 0.08256843800322067 0.08117333333333332
2 0.9058212560386475 0.4719466666666667 0.08954911433172305 0.10757333333333334
2 0.48142914653784213 0.50392 0.05487117552334942 0.07712000000000004
2 0.23629227053140098 0.5243066666666667 0.07677133655394522 0.09138666666666669
2 0.4676409017713365 0.4927866666666666 0.020499194847020872 0.046
2 0.4356521739130434 0.49546666666666667 0.024202898550724685 0.047520000000000055
