2 0.4982608695652173 0.6069599999999999 0.09344605475040263 0.2925333333333333
2 0.8924355877616746 0.7105866666666667 0.21351851851851855 0.5734933333333333
2 0.7936272141706924 0.6633866666666667 0.20620772946859905 0.3890666666666667
2 0.018772141706924317 0.5951333333333333 0.037544283413848634 0.2685599999999999
2 0.42020933977455716 0.49424 0.029516908212560408 0.07770666666666663
0 0.6346537842190016 0.5147733333333334 0.020933977455716585 0.14757333333333333
0 0.7530515297906601 0.50064 0.00987117552334943 0.10426666666666665
0 0.825036231884058 0.5000933333333333 0.011119162640901728 0.13954666666666662
0 0.797548309178744 0.49773333333333325 0.006610305958131983 0.09493333333333331
2 0.09448872785829307 0.5455466666666666 0.07385668276972625 0.08181333333333328
