2 0.48460547504025764 0.5337466666666667 0.04563607085346221 0.12285333333333331
2 0.10125201288244766 0.7553599999999999 0.20250402576489532 0.48394666666666664
2 0.1817109500805153 0.6775333333333333 0.22061996779388082 0.3889333333333333
2 0.31535024154589375 0.5694533333333334 0.11673913043478261 0.17725333333333332
2 0.36853462157809985 0.5358933333333333 0.09228663446054747 0.1353066666666667
2 0.4197141706924316 0.5004 0.06147342995169084 0.08517333333333332
2 0.7660265700483092 0.7158533333333333 0.24392109500805165 0.43320000000000003
2 0.5699959742351046 0.53436 0.04910628019323663 0.11218666666666664
2 0.533023349436393 0.4781066666666666 0.03137681159420292 0.10565333333333334
2 0.2587721417069243 0.5368666666666666 0.0736634460547504 0.1207733333333333
2 0.4917793880837359 0.5100933333333333 0.030193236714975844 0.09122666666666661
2 0.0346256038647343 0.5596133333333334 0.0692512077294686 0.14888000000000004
2 0.18048711755233493 0.5206666666666666 0.077061191626409 0.09818666666666664
