2 0.17301127214170692 0.60008 0.162061191626409 0.19418666666666665
2 0.2541264090177134 0.5623866666666667 0.11337359098228661 0.15533333333333332
2 0.28247987117552337 0.5441999999999999 0.10091787439613524 0.13458666666666666
2 0.3227697262479871 0.5291333333333333 0.09014492753623192 0.11757333333333334
2 0.3402495974235105 0.5286 0.07281803542673107 0.0945333333333333
2 0.35809581320450884 0.5200266666666666 0.053454106280193224 0.08426666666666664
2 0.37360305958132045 0.51916 0.05665861513687601 0.06621333333333329
2 0.38094605475040255 0.5032 0.04960547504025766 0.07466666666666666
2 0.39194444444444443 0.50192 0.04981481481481482 0.06698666666666668
2 0.4000402576489533 0.5010666666666667 0.047439613526570015 0.06080000000000003
