2 0.4680016116035455 0.5216755319148936 0.03292506043513297 0.09909574468085104
2 0.12805801772763897 0.7475531914893616 0.25611603545527795 0.49957446808510636
2 0.28366236905721187 0.6504521276595744 0.13356164383561644 0.27973404255319156
2 0.09877115229653505 0.644468085106383 0.1975423045930701 0.2780851063829788
2 0.051136180499597096 0.5981515957446808 0.10227236099919419 0.19172872340425526
2 0.21579371474617245 0.573590425531915 0.09690572119258664 0.16558510638297877
2 0.3093795326349718 0.5030585106382978 0.07717969379532633 0.20750000000000002
2 0.18703062046736504 0.5542287234042552 0.08474617244157936 0.1234574468085106
2 0.33987912973408535 0.5269946808510638 0.04198227236099916 0.08739361702127663
3 0.4324174053182917 0.4594281914893617 0.025721192586623746 0.12715425531914895
2 0.2609266720386785 0.5256914893617022 0.05002417405318295 0.09218085106382977
