2 0.5025684380032207 0.55508 0.059951690821255975 0.18765333333333334
2 0.9173590982286636 0.7004933333333333 0.16367149758454105 0.59368
2 0.693047504025765 0.5511066666666667 0.17541867954911433 0.3487733333333333
2 0.6161151368760064 0.5287466666666667 0.10622383252818031 0.15951999999999997
2 0.5668397745571658 0.4912133333333333 0.06004025764895325 0.08338666666666669
2 0.5478381642512077 0.48508 0.04084541062801934 0.06269333333333331
2 0.1442351046698873 0.5673333333333334 0.13753623188405797 0.19866666666666666
2 0.2594363929146538 0.4974133333333333 0.15038647342995168 0.35738666666666663
2 0.23966183574879224 0.5437733333333333 0.08059581320450883 0.13704000000000002
2 0.2963929146537842 0.5292266666666666 0.054669887278582914 0.088
2 0.36700080515297906 0.49926666666666664 0.03424315619967792 0.06151999999999998
2 0.38265700483091786 0.4887733333333334 0.025619967793880833 0.06677333333333331
2 0.4063687600644122 0.4847733333333334 0.025056360708534627 0.048213333333333365
2 0.9125885668276972 0.53 0.11562801932367142 0.09674666666666659
2 0.16971819645732691 0.5360666666666666 0.06407407407407409 0.11175999999999998
