2 0.4769404186795491 0.5501333333333334 0.04727858293075687 0.12821333333333337
2 0.05676731078904992 0.7606 0.11353462157809983 0.4734666666666667
2 0.17712157809983897 0.7930133333333333 0.35424315619967794 0.40864
2 0.32772946859903385 0.6770533333333333 0.13434782608695653 0.33757333333333334
2 0.37104669887278585 0.6116933333333333 0.08632850241545896 0.20514666666666675
2 0.2810587761674718 0.5933466666666667 0.10912238325281802 0.1733066666666667
2 0.43613526570048317 0.51712 0.028325281803542633 0.06965333333333326
2 0.8118800322061192 0.7718533333333333 0.3746296296296296 0.45096
2 0.6282528180354267 0.6275999999999999 0.1204669887278583 0.3029333333333332
2 0.528280998389694 0.5371866666666666 0.03981481481481485 0.09703999999999996
3 0.5232487922705314 0.45003999999999994 0.04788244766505638 0.18231999999999993
0 0.5685064412238325 0.5035066666666667 0.007512077294686024 0.10055999999999994
2 0.17600241545893716 0.5400799999999999 0.07638486312399353 0.09792
2 0.4760426731078905 0.5245599999999999 0.029669887278582857 0.08975999999999999
2 0.045237520128824475 0.5852266666666667 0.09047504025764895 0.15333333333333332
