2 0.4100644122383253 0.5341999999999999 0.06592592592592592 0.23847999999999994
2 0.8722342995169082 0.4640933333333333 0.25392109500805154 0.40498666666666666
2 0.1762278582930757 0.58956 0.12309983896940417 0.19112000000000004
2 0.07162640901771336 0.56708 0.14325281803542672 0.2588533333333333
2 0.334194847020934 0.5190933333333333 0.05236714975845408 0.12234666666666665
2 0.6101449275362318 0.53436 0.09256038647342989 0.1666933333333333
2 0.45670692431562 0.47874666666666665 0.031143317230273804 0.09664000000000002
2 0.49547906602254427 0.44848 0.034903381642512006 0.12042666666666665
2 0.6705676328502416 0.51948 0.09743156199677938 0.1726133333333333
2 0.7451529790660225 0.5231733333333333 0.11471819645732691 0.14517333333333332
3 0.4523470209339775 0.4340399999999999 0.03527375201288249 0.17159999999999997
