2 0.36039049919484706 0.5062 0.029251207729468588 0.10408
1 0.42894524959742353 0.5981733333333333 0.045619967793880854 0.2670133333333333
2 0.724987922705314 0.73448 0.17648148148148143 0.51344
2 0.5648309178743961 0.62704 0.1418035426731079 0.28912000000000004
2 0.15835346215781 0.6536133333333334 0.14379227053140098 0.27079999999999993
2 0.21758051529790662 0.5964133333333334 0.08831723027375202 0.21208000000000007
2 0.48098631239935585 0.5596 0.07588566827697263 0.18496000000000004
2 0.45261674718196454 0.5470133333333334 0.06123993558776163 0.1387733333333333
2 0.24755233494363932 0.5780533333333333 0.05217391304347827 0.1351466666666667
2 0.4254790660225442 0.5366799999999999 0.041038647342995144 0.09906666666666668
