2 0.495870265914585 0.562406914893617 0.06580983078162778 0.19779255319148936
2 0.09788879935535857 0.6385372340425531 0.19577759871071715 0.2618617021276595
2 0.2487792103142627 0.6586436170212766 0.17378726833199032 0.3422340425531915
2 0.36953263497179695 0.5542553191489361 0.05904915390813862 0.1277659574468085
2 0.3051772763900081 0.5409175531914894 0.06344077356970182 0.11784574468085107
2 0.4055842062852538 0.5245611702127659 0.042917002417405356 0.09577127659574473
2 0.1238074133763094 0.5747340425531915 0.1324818694601128 0.16430851063829788
2 0.21240934730056407 0.5423936170212765 0.0723771152296535 0.11404255319148934
2 0.33743352135374693 0.49800531914893614 0.03601128122481869 0.08170212765957453
2 0.5319540692989524 0.5000531914893617 0.01641418211120065 0.03941489361702126
