2 0.8480917874396134 0.7420533333333332 0.30220611916264095 0.51056
2 0.39332528180354265 0.58204 0.0938808373590982 0.2847733333333334
0 0.7475764895330113 0.74584 0.09109500805152979 0.5029866666666667
2 0.12946054750402575 0.7806133333333334 0.2589210950080515 0.43344
2 0.6212600644122384 0.57484 0.08007246376811598 0.16498666666666667
2 0.6898309178743961 0.6407466666666667 0.13272141706924317 0.2845333333333333
2 0.4633252818035427 0.51368 0.027536231884057915 0.08538666666666661
2 0.42580112721417074 0.5584533333333332 0.058542673107890526 0.15749333333333335
2 0.6029106280193237 0.5545733333333334 0.05306763285024152 0.13448000000000002
2 0.5814492753623189 0.5306933333333332 0.04115942028985507 0.09983999999999998
2 0.5676972624798712 0.52 0.03479871175523352 0.08650666666666666
