2 0.8948590982286634 0.78596 0.20867149758454104 0.42274666666666666
2 0.7826207729468599 0.74568 0.2539049919484702 0.4704533333333333
2 0.6333574879227053 0.5947866666666666 0.11914653784219004 0.2745866666666666
2 0.40313204508856687 0.53536 0.05616747181964577 0.18272000000000002
0 0.5810265700483092 0.5941066666666667 0.03664251207729468 0.24383999999999997
2 0.2964895330112721 0.68348 0.1447987117552335 0.33735999999999994
2 0.1262278582930757 0.7840533333333333 0.2524557165861514 0.42656
2 0.5617270531400966 0.5376933333333332 0.04760869565217391 0.11181333333333335
2 0.5859420289855073 0.5503066666666667 0.059339774557165895 0.14733333333333332
2 0.44506843800322066 0.5029733333333334 0.023647342995169084 0.07058666666666666
