2 0.47681305398871876 0.5138962765957448 0.01875100725221594 0.04981382978723401
2 0.1113859790491539 0.7516622340425532 0.2227719580983078 0.4913563829787234
2 0.039037066881547136 0.6187632978723403 0.07807413376309427 0.3457180851063829
2 0.5976913779210314 0.6244946808510639 0.12100725221595493 0.2803723404255319
2 0.2879492344883159 0.6034840425531915 0.09825141015310233 0.1932446808510638
2 0.19439161966156326 0.5559574468085106 0.11906526994359386 0.20696808510638295
2 0.3424939564867043 0.5671276595744681 0.06073327961321515 0.13361702127659578
2 0.4526752618855761 0.5368218085106383 0.036535052377115254 0.11045212765957446
2 0.2842868654311039 0.5430851063829787 0.05775987107171636 0.10430851063829787
2 0.3856526994359388 0.5256914893617021 0.026583400483481023 0.06925531914893622
2 0.31409750201450437 0.5138962765957447 0.043537469782433544 0.10321808510638299
2 0.3939564867042707 0.5141356382978723 0.02196615632554391 0.05619680851063828
2 0.405535858178888 0.49351063829787234 0.017663174858984703 0.07664893617021275
