2 0.4943438003220611 0.5627333333333333 0.04258454106280192 0.118
2 0.12101851851851853 0.7598933333333332 0.24203703703703705 0.47488
2 0.22686392914653783 0.68248 0.1831159420289855 0.3564799999999999
2 0.32634460547504024 0.5886533333333334 0.11607085346215779 0.17661333333333337
2 0.36782608695652175 0.511 0.12397745571658617 0.2409333333333334
0 0.7447987117552335 0.6703733333333334 0.05475040257648953 0.3834666666666667
2 0.5299275362318842 0.5015466666666666 0.0282286634460548 0.08837333333333337
2 0.49202495974235105 0.53276 0.027367149758454112 0.08370666666666662
2 0.40465780998389694 0.5302 0.08522544283413847 0.12434666666666665
2 0.03835748792270532 0.5708666666666666 0.07671497584541064 0.1915466666666667
2 0.11335346215780998 0.56948 0.09770531400966184 0.12317333333333333
2 0.19317632850241545 0.5958 0.12958937198067633 0.20013333333333327
2 0.27240740740740743 0.5579999999999999 0.0729307568438003 0.13941333333333325
0 0.15438003220611918 0.5347466666666667 0.017713365539452495 0.1387733333333334
0 0.21338969404186794 0.5301466666666667 0.007246376811594203 0.08850666666666666
3 0.30003220611916265 0.49106666666666665 0.06426731078904992 0.1406933333333333
