2 0.8945893719806762 0.76132 0.20921095008051532 0.47202666666666665
2 0.8354710144927536 0.6660933333333334 0.21859098228663457 0.5836533333333334
2 0.45799516908212556 0.5104133333333333 0.04251207729468604 0.1545333333333333
2 0.7683574879227053 0.46226666666666666 0.19550724637681163 0.2447466666666667
2 0.3050402576489533 0.54308 0.062415458937198055 0.1185333333333333
2 0.2336111111111111 0.5237066666666667 0.07809178743961351 0.1628266666666666
2 0.3943035426731079 0.49935999999999997 0.03314814814814816 0.08783999999999999
2 0.5919927536231884 0.5101333333333333 0.06036231884057973 0.11146666666666662
2 0.48246376811594205 0.475 0.02703703703703707 0.07698666666666668
2 0.5125322061191627 0.44796 0.02823671497584545 0.10034666666666672
2 0.6356320450885667 0.50576 0.06303542673107897 0.11829333333333336
2 0.9490458937198069 0.4431466666666667 0.10029790660225438 0.18352
3 0.47686392914653786 0.43413333333333337 0.029235104669887234 0.14079999999999995
2 0.11093397745571659 0.5576933333333333 0.0996779388083736 0.12568
2 0.027298711755233494 0.5712933333333333 0.05459742351046699 0.11330666666666661
