2 0.7684943639291466 0.7348266666666666 0.27325281803542684 0.5250133333333333
2 0.05530998389694041 0.7562666666666668 0.11061996779388082 0.48213333333333336
2 0.1097705314009662 0.69328 0.2195410628019324 0.4293866666666667
2 0.11688808373590984 0.6229866666666667 0.23377616747181967 0.3957866666666666
2 0.18303945249597425 0.61068 0.1859500805152979 0.2307466666666666
2 0.2750885668276973 0.5920266666666666 0.15128824476650565 0.18858666666666665
2 0.31056360708534625 0.57136 0.13325281803542674 0.17520000000000005
2 0.3214251207729469 0.5619333333333333 0.10230273752012882 0.16466666666666666
2 0.33377214170692426 0.5393466666666666 0.12272946859903382 0.1484
2 0.36023752012882443 0.5294933333333334 0.08516103059581323 0.11098666666666668
2 0.38757246376811594 0.50968 0.07284219001610308 0.11216
1 0.4653743961352656 0.5013866666666666 0.00654589371980676 0.05589333333333335
2 0.5734541062801932 0.5634533333333334 0.05563607085346218 0.14557333333333333
2 0.6379025764895331 0.5249333333333333 0.09849436392914657 0.13301333333333332
2 0.5805193236714976 0.5026266666666667 0.058510466988727916 0.08679999999999995
2 0.5202093397745572 0.50376 0.02088566827697267 0.05269333333333331
