2 0.06722222222222221 0.6658266666666667 0.13444444444444442 0.6215733333333334
1 0.3459621578099839 0.6110133333333333 0.04136070853462158 0.25013333333333326
2 0.9125040257648953 0.7454266666666666 0.17338164251207722 0.5038133333333333
2 0.8483735909822867 0.6888933333333332 0.3016425120772947 0.3730399999999999
2 0.797830112721417 0.60716 0.24672302737520116 0.34056000000000003
2 0.25936392914653783 0.5729333333333334 0.1601610305958132 0.16927999999999996
2 0.2963848631239936 0.5621333333333334 0.12879227053140094 0.14629333333333328
2 0.5341787439613527 0.5479866666666666 0.05114331723027374 0.12456000000000002
2 0.37066022544283417 0.51572 0.06626409017713367 0.08583999999999999
2 0.5098590982286635 0.51032 0.026304347826087014 0.07392
2 0.4892874396135265 0.4717866666666667 0.014017713365539426 0.05504000000000004
