2 0.14333735909822867 0.6145066666666666 0.17917069243156203 0.2123733333333333
2 0.23923510466988726 0.5677333333333333 0.12151368760064411 0.16533333333333333
2 0.2712117552334944 0.5477066666666666 0.1070772946859903 0.14202666666666672
2 0.315012077294686 0.5295333333333333 0.09453301127214168 0.12290666666666668
2 0.3343719806763285 0.5305066666666667 0.0759742351046699 0.09829333333333337
2 0.3523228663446055 0.51748 0.05548309178743963 0.08711999999999996
2 0.36873590982286636 0.5200133333333333 0.058550724637681135 0.06824000000000001
2 0.3779710144927536 0.5032533333333334 0.05109500805152982 0.07674666666666667
2 0.389182769726248 0.5026266666666667 0.05123188405797097 0.06877333333333331
2 0.39701690821256036 0.49935999999999997 0.0486392914653784 0.062240000000000004
