2 0.8688083735909823 0.7482933333333334 0.2607729468599034 0.49807999999999997
2 0.38379227053140097 0.5939333333333333 0.10653784219001615 0.31682666666666665
0 0.8180354267310789 0.7520799999999999 0.1305797101449275 0.49050666666666665
2 0.09659822866344606 0.7855733333333333 0.1931964573268921 0.42351999999999995
2 0.6332045088566828 0.59472 0.09098228663446055 0.18245333333333336
2 0.7165780998389694 0.6739333333333334 0.15946859903381638 0.33074666666666663
2 0.4626046698872786 0.5225866666666668 0.02884863123993562 0.08874666666666667
2 0.4206521739130435 0.5686666666666667 0.06312399355877615 0.17061333333333337
2 0.6094162640901771 0.5646533333333333 0.05691626409017718 0.14365333333333333
2 0.5856723027375201 0.5399866666666666 0.04384057971014496 0.10541333333333333
2 0.571292270531401 0.52784 0.03675523349436391 0.09013333333333336
