2 0.087073268921095 0.7736666666666666 0.17414653784219 0.4473333333333333
2 0.18395330112721417 0.7577866666666667 0.36325281803542675 0.4790933333333333
2 0.5653945249597424 0.5460533333333333 0.0691304347826087 0.16208
2 0.8209581320450886 0.7535866666666667 0.35647342995169085 0.48749333333333333
2 0.30177536231884056 0.6581333333333333 0.15232689210950082 0.3224
0 0.22598228663446052 0.6143333333333333 0.03357487922705313 0.3630666666666666
0 0.2634903381642512 0.5837066666666667 0.01889694041867957 0.2774933333333333
2 0.43833735909822863 0.5180933333333333 0.033019323671497576 0.09885333333333331
2 0.5329830917874395 0.5102266666666666 0.03970209339774562 0.10221333333333336
0 0.2690740740740741 0.6087600000000001 0.0209661835748792 0.28573333333333334
2 0.5150201288244767 0.4868133333333333 0.02182769726247988 0.07490666666666668
