0 0.029476650563607085 0.7363866666666666 0.03998389694041868 0.4737333333333334
2 0.8410587761674718 0.7469866666666667 0.31627214170692425 0.5006933333333333
2 0.2501851851851852 0.7402266666666667 0.20743961352657003 0.44381333333333334
2 0.3272946859903382 0.6565066666666667 0.12236714975845413 0.2211733333333334
2 0.6207286634460547 0.6126533333333333 0.11627214170692429 0.24941333333333332
2 0.4050684380032206 0.53916 0.0477536231884058 0.11650666666666666
2 0.5533132045088566 0.5365866666666667 0.04393719806763289 0.11610666666666672
2 0.41433574879227053 0.5078266666666666 0.04110305958132046 0.1351733333333333
2 0.5410346215780998 0.5271733333333333 0.04060386473429948 0.09760000000000006
2 0.32071256038647344 0.48103999999999997 0.1080112721417069 0.13290666666666667
2 0.49296698872785827 0.4826533333333333 0.018446054750402643 0.06434666666666665
2 0.6157487922705314 0.4688666666666666 0.07317230273752012 0.09469333333333338
