0 0.6854038772213248 0.69 0.04927302100161551 0.5184491978609624
0 0.2361631663974152 0.7004278074866309 0.07673667205169629 0.5383422459893048
0 0.12054119547657512 0.6862032085561497 0.05492730210016154 0.4956684491978609
0 0.9576857835218094 0.7020320855614973 0.08301292407108238 0.5905882352941176
0 0.9253513731825526 0.6901871657754011 0.07942649434571884 0.6142780748663101
0 0.5154604200323102 0.5370855614973262 0.023424878836833606 0.2233689839572192
0 0.66156704361874 0.6592379679144384 0.05920840064620352 0.4174064171122995
0 0.61218901453958 0.6238903743315508 0.03150242326332795 0.35280748663101597
0 0.5902261712439419 0.6003208556149733 0.02880452342487881 0.3052941176470588
0 0.6511147011308562 0.5710026737967915 0.05281098546042003 0.29366310160427817
0 0.6145516962843296 0.6101336898395722 0.0317689822294023 0.29786096256684486
0 0.6620516962843296 0.535360962566845 0.04087237479806132 0.2382085561497326
2 0.4589418416801293 0.5073663101604278 0.04458804523424874 0.11409090909090913
