1 0.7105800653594772 0.5332297297297298 0.06133986928104569 0.30775675675675673
0 0.7109926470588236 0.5876756756756757 0.05174019607843131 0.444054054054054
0 0.7203022875816993 0.4822567567567568 0.024509803921568627 0.1576486486486486
0 0.5649918300653595 0.5492972972972974 0.024509803921568627 0.2648648648648649
0 0.518423202614379 0.5387432432432433 0.032957516339869306 0.259972972972973
0 0.5251552287581699 0.536 0.03349673202614379 0.2844864864864865
0 0.7405392156862745 0.48778378378378384 0.021241830065359478 0.1821621621621622
0 0.9139501633986928 0.4875675675675676 0.020155228758169996 0.20254054054054055
0 0.9426633986928105 0.484 0.03104575163398693 0.23189189189189185
0 0.9240972222222222 0.4931351351351351 0.0264133986928104 0.19048648648648647
2 0.504701797385621 0.4539189189189189 0.014599673202614382 0.05356756756756763
