2 0.3932729468599034 0.5140933333333333 0.07073268921095009 0.08205333333333328
2 0.5474315619967794 0.5188533333333333 0.036924315619967805 0.1024
2 0.4488285024154589 0.5326 0.036175523349436356 0.09480000000000002
2 0.3156924315619968 0.54492 0.13093397745571658 0.14781333333333335
2 0.2634219001610306 0.5787066666666667 0.1718035426731079 0.21277333333333337
2 0.2039291465378422 0.6129333333333333 0.24636070853462155 0.28341333333333335
2 0.10318035426731079 0.6395733333333334 0.20636070853462157 0.35536000000000006
2 0.0946376811594203 0.6792666666666666 0.1892753623188406 0.6242399999999999
2 0.6181280193236715 0.6108133333333333 0.09595008051529787 0.20413333333333328
2 0.8214694041867955 0.77344 0.355450885668277 0.4477866666666666
