2 0.517524154589372 0.5915333333333334 0.06656199677938814 0.2097866666666667
2 0.6457286634460547 0.5571466666666667 0.11256843800322057 0.18016
2 0.5908937198067634 0.5352666666666667 0.06552334943639292 0.10840000000000001
2 0.5687238325281804 0.5251866666666666 0.05780193236714973 0.07997333333333335
2 0.0614975845410628 0.6725333333333333 0.1229951690821256 0.2501333333333334
2 0.3815539452495974 0.5438266666666667 0.04645732689210949 0.09693333333333339
2 0.44356280193236713 0.5177866666666667 0.027302737520128798 0.06442666666666666
2 0.47516908212560394 0.5056666666666666 0.019033816425120764 0.048506666666666656
2 0.29138486312399353 0.5628533333333333 0.06650563607085344 0.10880000000000002
2 0.328329307568438 0.5378133333333334 0.04566022544283412 0.10506666666666668
2 0.37444041867954914 0.5241333333333333 0.03651368760064414 0.06986666666666672
2 0.4227898550724638 0.5176133333333334 0.03408212560386472 0.04994666666666664
2 0.18752012882447666 0.5548133333333334 0.0718035426731079 0.11048000000000001
2 0.1791062801932367 0.5365466666666666 0.07505636070853462 0.08088000000000004
