2 0.4941747181964573 0.5454 0.042809983896940476 0.11618666666666665
2 0.2581239935587762 0.6239333333333333 0.15152979066022543 0.2672266666666666
2 0.3234621578099839 0.5217066666666667 0.16254428341384863 0.3448
2 0.3644967793880837 0.5643333333333334 0.10557971014492754 0.1347466666666666
2 0.4346215780998389 0.50084 0.04785829307568438 0.07735999999999997
2 0.5331602254428341 0.49149333333333334 0.03139291465378413 0.09834666666666665
2 0.49020128824476644 0.5209466666666667 0.02740740740740747 0.08279999999999996
2 0.38569243156199673 0.5291066666666666 0.10215780998389698 0.15266666666666667
2 0.03493558776167472 0.5755199999999999 0.06987117552334944 0.15280000000000002
2 0.08607085346215781 0.6412266666666666 0.17214170692431563 0.3072
2 0.2009621578099839 0.5675733333333334 0.11094202898550726 0.18677333333333337
0 0.061739130434782616 0.53144 0.01932367149758454 0.17472000000000001
0 0.1654830917874396 0.5225333333333333 0.015297906602254429 0.10367999999999998
3 0.27166264090177134 0.4696933333333333 0.0780917874396135 0.1616266666666666
