2 0.4943276972624798 0.5228266666666667 0.040925925925925956 0.11029333333333337
2 0.10775362318840581 0.6927733333333334 0.21550724637681162 0.44096
2 0.26952093397745575 0.5801733333333333 0.12313204508856683 0.18455999999999995
2 0.405438808373591 0.5921466666666667 0.07801127214170692 0.18450666666666657
2 0.43182367149758455 0.5555599999999999 0.06039452495974239 0.14589333333333335
2 0.36095410628019325 0.5176266666666667 0.08873590982286637 0.12218666666666672
2 0.7594404186795491 0.7568933333333333 0.2660950080515298 0.48088000000000003
3 0.6248349436392915 0.4310133333333333 0.14611111111111114 0.48965333333333333
0 0.7242753623188405 0.5752533333333333 0.03784219001610306 0.3062933333333333
2 0.5442471819645732 0.5096933333333333 0.03677133655394522 0.09741333333333334
3 0.5213083735909823 0.44506666666666667 0.03353462157809982 0.14565333333333333
2 0.25734299516908216 0.5104533333333333 0.05260869565217394 0.07989333333333336
2 0.4826731078904992 0.50384 0.027632850241545843 0.08351999999999998
2 0.1050805152979066 0.5451733333333333 0.10310789049919485 0.13477333333333338
