2 0.5020128824476651 0.56304 0.052576489533011236 0.1433066666666666
2 0.8531441223832529 0.5976 0.2921014492753623 0.7994666666666667
2 0.044766505636070854 0.5634266666666667 0.08953301127214171 0.27176
2 0.14097826086956522 0.7300399999999999 0.2361916264090177 0.5345866666666667
2 0.24225040257648953 0.6417333333333334 0.18730273752012883 0.3051733333333333
2 0.30384057971014494 0.6051466666666666 0.1617391304347826 0.22847999999999993
2 0.3789613526570048 0.5537199999999999 0.0913687600644122 0.15042666666666665
2 0.4247705314009662 0.5150399999999999 0.061859903381642545 0.08266666666666667
2 0.6401610305958132 0.6020933333333334 0.09626409017713371 0.19538666666666668
2 0.5962238325281803 0.5411866666666666 0.06270531400966183 0.1515466666666667
0 0.5603220611916264 0.5389466666666667 0.016908212560386472 0.12722666666666668
2 0.49836956521739123 0.5232266666666666 0.030877616747181983 0.09327999999999997
2 0.17134460547504027 0.5188133333333333 0.09231884057971014 0.11810666666666664
2 0.6684742351046699 0.4853866666666667 0.07358293075684388 0.09648000000000001
