2 0.5300080515297907 0.6660533333333333 0.12323671497584536 0.38522666666666666
2 0.9781843800322061 0.7397866666666667 0.04202093397745576 0.5150933333333333
2 0.6302898550724637 0.5341733333333333 0.0995008051529791 0.15357333333333334
2 0.5852737520128826 0.5160933333333333 0.05964573268921098 0.09655999999999994
2 0.5654629629629631 0.5068933333333333 0.0537600644122384 0.07282666666666666
2 0.3596417069243156 0.5448000000000001 0.05187600644122384 0.10549333333333334
2 0.10554347826086957 0.6245066666666667 0.15614331723027375 0.20133333333333334
2 0.4495652173913043 0.49845333333333336 0.023639291465378433 0.05408
2 0.48440418679549113 0.48637333333333327 0.019033816425120854 0.044533333333333376
2 0.31295893719806767 0.53752 0.05952495974235105 0.09573333333333335
2 0.3425966183574879 0.5188 0.04099033816425118 0.09647999999999994
2 0.3856481481481482 0.5088666666666666 0.03520933977455713 0.06504000000000004
2 0.4301771336553945 0.50068 0.03230273752012883 0.04664000000000002
2 0.21892109500805151 0.53312 0.06268921095008051 0.09818666666666673
2 0.20935587761674718 0.5181066666666666 0.06663446054750402 0.07248000000000002
