1 0.7419199346405229 0.518918918918919 0.06514705882352942 0.2629189189189189
0 0.7800040849673203 0.47693243243243244 0.016315359477124206 0.1679189189189189
0 0.42027777777777775 0.6447162162162162 0.05568627450980394 0.4866756756756757
0 0.3384272875816994 0.6124324324324325 0.06765522875816994 0.462
0 0.38411356209150327 0.6150945945945946 0.057017973856209166 0.5154864864864865
0 0.678125 0.5146621621621622 0.03252450980392153 0.21732432432432433
0 0.8901225490196079 0.507472972972973 0.02864379084967316 0.25797297297297306
0 0.916327614379085 0.507 0.0433905228758171 0.2993513513513513
0 0.9017851307189542 0.5212972972972973 0.023684640522875826 0.2446486486486486
2 0.4965849673202614 0.450527027027027 0.015049019607843104 0.05624324324324325
