2 0.6451328502415459 0.5002800000000001 0.12739935587761675 0.1494666666666666
2 0.9672463768115943 0.42553333333333326 0.06389694041867947 0.11522666666666669
2 0.8555797101449276 0.4343333333333333 0.0810628019323672 0.08226666666666672
2 0.8356884057971015 0.43665333333333334 0.07855877616747187 0.07757333333333334
2 0.4176167471819646 0.5176799999999999 0.036924315619967805 0.09749333333333333
2 0.4752415458937198 0.4955866666666666 0.025136876006441246 0.0657866666666667
2 0.649110305958132 0.4672533333333334 0.07203703703703697 0.09125333333333333
2 0.729122383252818 0.43592 0.0361674718196457 0.07135999999999998
2 0.7579911433172303 0.44227999999999995 0.03949275362318846 0.06498666666666668
2 0.5462520128824476 0.48213333333333336 0.02562801932367153 0.05925333333333333
