2 0.06253220611916264 0.71168 0.1250644122383253 0.5713066666666666
2 0.2969484702093398 0.6273066666666667 0.17172302737520126 0.3690133333333333
2 0.855595813204509 0.73128 0.2871980676328503 0.5321066666666666
2 0.7144041867954911 0.66736 0.15966183574879234 0.37429333333333326
2 0.5136674718196458 0.5403733333333333 0.08076489533011268 0.15621333333333337
2 0.6688486312399357 0.58216 0.07123993558776169 0.21215999999999993
2 0.8700161030595813 0.4567866666666667 0.09587761674718191 0.16776
2 0.7959541062801933 0.46103999999999995 0.08200483091787442 0.1468266666666666
2 0.5561151368760063 0.49346666666666666 0.04176328502415459 0.08762666666666663
3 0.6569041867954911 0.4248933333333333 0.037737520128824385 0.11095999999999996
