2 0.05971014492753623 0.7400799999999998 0.11942028985507246 0.4336533333333333
2 0.1401207729468599 0.6632266666666666 0.26016103059581314 0.31050666666666665
2 0.2208856682769726 0.6237466666666667 0.20853462157809985 0.2661066666666667
2 0.2552938808373591 0.5929199999999999 0.14942834138486313 0.23394666666666664
2 0.28061191626409016 0.5776533333333334 0.16990338164251206 0.20202666666666663
2 0.28857890499194844 0.5591333333333334 0.11487117552334945 0.16605333333333336
2 0.32530595813204505 0.5530533333333333 0.11103059581320454 0.14221333333333336
2 0.3314694041867955 0.5455333333333333 0.11477455716586148 0.13069333333333338
2 0.36047101449275365 0.5283333333333333 0.08459742351046698 0.11629333333333336
2 0.3688446054750403 0.5118933333333333 0.08759259259259261 0.13376
1 0.4594967793880837 0.5057733333333334 0.007898550724637729 0.06562666666666662
2 0.6111070853462158 0.60536 0.0869967793880837 0.21456
2 0.6848188405797102 0.55444 0.1326167471819645 0.17442666666666665
2 0.5954186795491143 0.5173466666666666 0.06895330112721416 0.10167999999999998
2 0.5244524959742352 0.51244 0.023687600644122443 0.05943999999999998
