2 0.8476489533011272 0.7439866666666667 0.30309178743961357 0.5066933333333333
2 0.6843075684380032 0.6543866666666667 0.16988727858293076 0.3871733333333333
2 0.22088566827697265 0.7182266666666668 0.19119162640901768 0.3687733333333334
2 0.32216183574879226 0.6058 0.10050724637681163 0.24392000000000005
2 0.5874557165861514 0.5617599999999999 0.07368760064412237 0.18352
2 0.37670692431562 0.5722933333333333 0.06442834138486311 0.17072
2 0.5666706924315621 0.5438666666666666 0.05852657004830913 0.12768
2 0.5479710144927535 0.4870133333333333 0.055314009661835695 0.18928000000000003
2 0.5140177133655395 0.5128799999999999 0.021030595813204513 0.054613333333333305
2 0.4311312399355878 0.52228 0.021972624798711725 0.049146666666666686
2 0.5014774557165862 0.5078 0.025000000000000053 0.05597333333333328
2 0.4806642512077295 0.5104266666666667 0.01939613526570042 0.041173333333333326
