2 0.47847300564061235 0.5106117021276596 0.03428686543110391 0.10313829787234043
2 0.06263900080580177 0.7903856382978723 0.12527800161160355 0.4139095744680851
2 0.07290491539081385 0.647593085106383 0.1458098307816277 0.2915159574468085
2 0.21915390813859786 0.6438297872340426 0.17535858178887992 0.305
2 0.24978243352135376 0.5395345744680852 0.09186140209508463 0.18369680851063827
2 0.37996776792908943 0.5032446808510638 0.06955680902497989 0.21234042553191482
2 0.3020386784850927 0.5390824468085106 0.05261885576148268 0.10034574468085103
2 0.4126712328767123 0.503723404255319 0.0346736502820306 0.0931914893617021
2 0.4261039484286866 0.5054122340425532 0.023311845286059587 0.05747340425531918
2 0.43789685737308626 0.4765691489361702 0.022143432715551897 0.08058510638297875
2 0.1656446414182111 0.5592553191489361 0.10329572925060437 0.145372340425532
