2 0.48528180354267314 0.49761333333333335 0.019452495974235078 0.061306666666666614
2 0.4184943639291465 0.54176 0.04731078904991948 0.12026666666666665
2 0.7347906602254429 0.7273999999999999 0.22589371980676334 0.47384
2 0.6282407407407408 0.6164666666666667 0.1235829307568438 0.30072000000000004
2 0.5880354267310789 0.5675066666666666 0.07175523349436393 0.21773333333333328
2 0.5505756843800322 0.534 0.047431561996779364 0.12085333333333331
2 0.5253099838969404 0.5082666666666668 0.025016103059581362 0.07343999999999998
2 0.5396417069243156 0.5223866666666667 0.03654589371980675 0.10434666666666666
2 0.33164251207729467 0.5210666666666666 0.05470209339774557 0.06677333333333331
2 0.2622262479871176 0.5223466666666666 0.06161835748792268 0.06965333333333334
0 0.6373470209339774 0.5276933333333332 0.021360708534621554 0.20727999999999996
