2 0.4956521739130434 0.5278666666666666 0.03412238325281803 0.10688000000000003
2 0.06131642512077295 0.6381466666666666 0.1226328502415459 0.24205333333333334
2 0.16355072463768117 0.5805333333333332 0.12726247987117556 0.1824
2 0.6669887278582931 0.5706 0.12648953301127216 0.22141333333333332
2 0.6436231884057971 0.5537333333333333 0.11629629629629634 0.17514666666666667
2 0.6024033816425121 0.5456666666666666 0.09785024154589379 0.13816
2 0.5853301127214171 0.5322933333333334 0.08338164251207725 0.13152000000000005
2 0.5803945249597423 0.52104 0.07702093397745569 0.10602666666666671
2 0.5682487922705314 0.5152399999999999 0.06917069243156206 0.10226666666666664
2 0.44013285024154586 0.49950666666666665 0.014726247987117523 0.037093333333333325
2 0.5359702093397746 0.49934666666666666 0.03976650563607084 0.04951999999999998
2 0.528341384863124 0.4857866666666667 0.03549114331723031 0.05221333333333336
2 0.4109702093397746 0.4988 0.017979066022544316 0.042933333333333316
