2 0.4919685990338164 0.5042533333333333 0.022745571658615137 0.07165333333333335
2 0.6969122383252818 0.6853066666666666 0.18751207729468597 0.4039466666666667
2 0.05325281803542673 0.6595733333333333 0.10650563607085346 0.22912000000000005
2 0.6247906602254428 0.5966666666666667 0.09877616747181969 0.24517333333333338
0 0.5899597423510468 0.50852 0.013075684380032213 0.12007999999999999
2 0.5567270531400965 0.5255866666666666 0.04442028985507243 0.11335999999999997
2 0.5283454106280193 0.4947866666666666 0.021473429951690787 0.06882666666666667
2 0.3431400966183575 0.54832 0.048244766505636034 0.09770666666666662
2 0.3654428341384863 0.5355733333333332 0.03937198067632849 0.09040000000000001
2 0.38790257648953297 0.5169866666666667 0.032471819645732675 0.07221333333333328
