0 0.05220996732026144 0.6661756756756757 0.0917892156862745 0.5253243243243244
0 0.18308823529411763 0.547418918918919 0.029967320261437915 0.26602702702702696
0 0.16549836601307188 0.5356756756756756 0.03099673202614379 0.2592432432432432
1 0.6812377450980392 0.5555405405405406 0.041805555555555526 0.2923783783783783
0 0.5035130718954248 0.547945945945946 0.025718954248366028 0.194
1 0.40609068627450984 0.5071486486486486 0.02084150326797385 0.13727027027027025
0 0.07293300653594773 0.6410000000000001 0.05380718954248366 0.4378378378378379
0 0.6449795751633987 0.4941756756756757 0.013112745098039271 0.15024324324324317
0 0.5681127450980392 0.47458108108108116 0.009722222222222297 0.09467567567567568
0 0.5391339869281045 0.48797297297297304 0.007598039215686238 0.0978378378378379
0 0.5509354575163399 0.4790540540540541 0.008733660130718999 0.09789189189189197
0 0.6021241830065359 0.4681486486486487 0.00950980392156871 0.09505405405405411
0 0.6127941176470588 0.4676351351351351 0.010882352941176511 0.1022972972972973
