2 0.5140458937198067 0.5803866666666666 0.06327697262479874 0.17309333333333332
2 0.9778462157809985 0.55436 0.042697262479871156 0.14952
2 0.2885225442834139 0.5316933333333332 0.05448470209339776 0.09927999999999997
1 0.6551489533011272 0.53252 0.05487117552334942 0.13901333333333332
2 0.5517270531400965 0.5012399999999999 0.039557165861513685 0.13693333333333332
0 0.41892109500805147 0.5238 0.01288244766505636 0.14162666666666662
2 0.35746376811594205 0.5068266666666666 0.029887278582930714 0.07002666666666664
2 0.40855475040257644 0.52072 0.06301932367149753 0.09391999999999999
2 0.4239935587761675 0.5191466666666666 0.05958132045088567 0.06933333333333333
2 0.4872383252818035 0.5302133333333333 0.038260869565217376 0.10821333333333337
