2 0.1217391304347826 0.75992 0.2434782608695652 0.4748266666666667
2 0.23966183574879224 0.7543733333333332 0.2831561996779388 0.48591999999999996
2 0.5628341384863124 0.55332 0.06454106280193234 0.15330666666666667
2 0.8112399355877616 0.7491066666666667 0.3759098228663446 0.4964533333333333
2 0.32339371980676324 0.6457066666666667 0.13271336553945248 0.28639999999999993
0 0.24613526570048314 0.6144933333333333 0.029726247987117566 0.3346933333333333
0 0.28039049919484704 0.5859333333333334 0.016223832528180337 0.2586400000000001
2 0.4410789049919484 0.5204533333333333 0.031658615136876046 0.09573333333333335
2 0.5339170692431562 0.5205599999999999 0.03815619967793889 0.09893333333333332
0 0.28445249597423505 0.60096 0.01877616747181964 0.26576
2 0.5162721417069244 0.49882666666666664 0.02156199677938806 0.07344000000000005
