0 0.7102941176470589 0.6797567567567567 0.09107843137254903 0.6350810810810811
0 0.6811968954248366 0.6912567567567568 0.11013888888888894 0.6120810810810811
0 0.40319035947712417 0.6431216216216216 0.0657434640522876 0.531
0 0.32446486928104573 0.6425540540540541 0.07281862745098039 0.6159729729729729
0 0.7461928104575163 0.7057027027027027 0.10122549019607842 0.5831891891891893
0 0.4401552287581699 0.4838783783783784 0.01892156862745105 0.18451351351351347
0 0.43630718954248365 0.44866216216216215 0.019558823529411715 0.174027027027027
0 0.45026960784313724 0.4639054054054055 0.01089869281045745 0.15321621621621623
0 0.4817197712418301 0.46513513513513516 0.01491013071895425 0.14572972972972978
1 0.3464950980392157 0.45145945945945953 0.04148692810457514 0.1478918918918919
