2 0.6027961321514906 0.5982446808510639 0.08388396454472201 0.1940425531914894
2 0.12306204673650281 0.7666090425531915 0.24612409347300562 0.4614627659574468
2 0.3466680096696213 0.5962234042553192 0.09697824335213534 0.2237765957446808
2 0.5365431103948428 0.5219946808510638 0.0343916196615633 0.08500000000000002
2 0.18894037066881547 0.5995744680851064 0.12929089443996775 0.20787234042553182
2 0.39262288477034646 0.5560106382978723 0.058106365834004796 0.13452127659574464
2 0.30414987912973407 0.5562765957446808 0.0619661563255439 0.11648936170212769
2 0.34699838839645447 0.5328191489361701 0.04095890410958907 0.08468085106382979
2 0.37098307816277193 0.5094547872340426 0.02962127316680096 0.08332446808510642
2 0.43234085414987916 0.515159574468085 0.024439967767929123 0.059414893617021285
2 0.39308622078968575 0.5023803191489361 0.02875100725221596 0.07007978723404254
2 0.48423448831587423 0.509933510638298 0.020120870265914515 0.06231382978723398
2 0.5066156325543917 0.5025 0.012473811442385187 0.04138297872340426
