0 0.9177576489533011 0.6521866666666666 0.16287439613526566 0.6902933333333333
1 0.2926489533011272 0.5617733333333333 0.04801932367149762 0.2586933333333334
1 0.31471417069243157 0.5463866666666666 0.04041062801932371 0.20904000000000003
2 0.4251409017713365 0.48939999999999995 0.07076489533011275 0.17805333333333334
0 0.06016505636070853 0.6042533333333333 0.05308373590982287 0.1890933333333334
0 0.09551529790660225 0.5909733333333334 0.05853462157809983 0.17554666666666668
0 0.09327697262479871 0.5805199999999999 0.02616747181964573 0.23607999999999993
0 0.9257648953301129 0.6724 0.13418679549114337 0.6498666666666666
0 0.7815780998389694 0.75032 0.055394524959742314 0.37349333333333323
0 0.81591384863124 0.7437866666666665 0.048880837359098255 0.36954666666666663
0 0.21860305958132045 0.5618266666666667 0.03395330112721416 0.1339466666666667
1 0.5088204508856682 0.5188 0.034388083735909764 0.1257066666666667
0 0.7462721417069244 0.5191733333333333 0.01830917874396136 0.15514666666666668
2 0.3602334943639291 0.5070133333333333 0.06033816425120773 0.0686933333333333
