0 0.5797011308562198 0.608596256684492 0.02880452342487881 0.3047326203208557
0 0.36751211631663977 0.5722593582887701 0.03231017770597738 0.22601604278074872
0 0.33431744749596126 0.5725935828877006 0.019652665589660733 0.21438502673796792
0 0.6708077544426495 0.5535828877005348 0.0215347334410339 0.21363636363636365
0 0.649951534733441 0.5493449197860962 0.0210016155088853 0.20954545454545448
0 0.5359087237479806 0.5462299465240642 0.020460420032310214 0.1817647058823529
0 0.5987762520193862 0.608716577540107 0.022883683360258516 0.281764705882353
0 0.565456381260097 0.5845989304812833 0.03487075928917606 0.22401069518716568
0 0.6274676898222941 0.5535294117647058 0.02369143780290795 0.22465240641711232
0 0.6369466882067851 0.532139037433155 0.01746365105008078 0.18903743315508026
2 0.4686873990306946 0.5219518716577539 0.03441841680129242 0.0891978609625668
0 0.03644991922455574 0.6485828877005347 0.04658319870759289 0.34561497326203205
