2 0.4958212560386473 0.5860533333333333 0.08339774557165865 0.2611733333333333
2 0.868792270531401 0.72912 0.2572946859903381 0.5364266666666666
2 0.7365217391304347 0.6045066666666666 0.21439613526570056 0.35871999999999993
2 0.6866666666666666 0.5752266666666666 0.14463768115942027 0.2236799999999999
2 0.027620772946859905 0.6147733333333334 0.05524154589371981 0.27632000000000007
2 0.08743558776167472 0.5692266666666667 0.16200483091787438 0.2387200000000001
2 0.437572463768116 0.4777866666666667 0.02155394524959741 0.058400000000000014
0 0.5793035426731079 0.5071866666666667 0.014565217391304282 0.12482666666666667
0 0.7681360708534621 0.48819999999999997 0.00785024154589372 0.11608
0 0.7576328502415459 0.4854266666666666 0.005281803542673064 0.08312000000000004
