2 0.4878945249597424 0.50072 0.019363929146537805 0.06101333333333332
2 0.42961352657004837 0.5313866666666667 0.039484702093397765 0.10266666666666667
2 0.6793760064412239 0.6650533333333333 0.15749597423510467 0.35063999999999995
2 0.6083091787439613 0.5933466666666667 0.10020933977455719 0.24973333333333325
2 0.5782729468599033 0.5566666666666666 0.06208534621578101 0.19045333333333336
2 0.5476207729468598 0.5300666666666667 0.04342190016103065 0.11096000000000003
2 0.5247504025764895 0.5052133333333333 0.02360708534621573 0.06962666666666663
2 0.5380555555555555 0.5184533333333333 0.03398550724637684 0.09717333333333332
2 0.34132045088566826 0.5198933333333333 0.05180354267310787 0.06367999999999999
2 0.2743921095008051 0.5209066666666666 0.05839774557165864 0.06640000000000001
0 0.6268518518518518 0.5216666666666666 0.019162640901771392 0.1870666666666666
