2 0.495438808373591 0.5268533333333333 0.03615942028985505 0.11327999999999996
2 0.8615096618357487 0.7377733333333334 0.2753703703703704 0.5191199999999999
2 0.7448389694041867 0.6340933333333334 0.20524959742351043 0.39437333333333335
2 0.6883333333333334 0.59388 0.14085346215780994 0.24525333333333332
2 0.6464935587761674 0.56052 0.1286876006441224 0.18002666666666664
2 0.41805555555555557 0.50112 0.021892109500805196 0.04746666666666662
2 0.34132045088566826 0.5516 0.05639291465378424 0.11616
2 0.5850161030595813 0.5195066666666667 0.0824959742351047 0.11112000000000004
2 0.5602616747181964 0.5077600000000001 0.06421095008051529 0.08293333333333332
2 0.5405475040257649 0.48649333333333333 0.05049919484702096 0.07709333333333332
2 0.3729830917874396 0.5012399999999999 0.028349436392914682 0.061413333333333334
2 0.38644122383252816 0.4951733333333333 0.023349436392914653 0.05322666666666661
2 0.35055152979066023 0.49816 0.01826892109500805 0.04618666666666665
