2 0.638683574879227 0.5792533333333333 0.09327697262479864 0.20080000000000003
2 0.5514694041867955 0.4906933333333333 0.05366344605475038 0.06074666666666667
0 0.4099838969404187 0.5092533333333333 0.008856682769726294 0.10741333333333333
1 0.6877053140096618 0.5215866666666666 0.04768115942028988 0.12429333333333337
2 0.6936553945249597 0.4779333333333333 0.05394524959742351 0.06648000000000001
2 0.8243800322061191 0.47615999999999997 0.07159420289855069 0.06416000000000001
2 0.9668880837359098 0.4608533333333333 0.0646135265700483 0.08399999999999999
2 0.3194927536231884 0.51044 0.04966183574879223 0.06413333333333336
2 0.48790257648953295 0.48734666666666665 0.016996779388083746 0.0385333333333333
2 0.4609178743961353 0.4875733333333333 0.01974235104669886 0.03935999999999997
