2 0.47354955680902494 0.5168351063829787 0.027228041901692247 0.08191489361702123
2 0.06151893634165995 0.7088031914893617 0.1230378726833199 0.3536702127659574
2 0.15668815471394035 0.7708111702127659 0.3133763094278807 0.45305851063829783
2 0.217232070910556 0.5935505319148936 0.11694601128122478 0.18896276595744677
2 0.27894037066881544 0.5581914893617022 0.0651007252215955 0.11840425531914889
2 0.3532514101531023 0.5694414893617021 0.07204673650282027 0.1402127659574468
2 0.4077558420628525 0.4919281914893617 0.04474617244157935 0.15992021276595744
2 0.42651490733279607 0.517938829787234 0.023376309427880732 0.06156914893617023
2 0.040644641418211114 0.617220744680851 0.08128928283642223 0.1934840425531915
2 0.13843271555197423 0.5633643617021277 0.11322320709105559 0.16215425531914893
2 0.2717365028203062 0.5352526595744681 0.058251410153102354 0.10518617021276598
