2 0.1384219001610306 0.7740666666666666 0.2768438003220612 0.4465333333333333
2 0.3275080515297906 0.5698933333333333 0.1713285024154589 0.5113599999999999
2 0.8134420289855073 0.6650533333333333 0.37150563607085346 0.4496799999999999
2 0.08880032206119164 0.7776000000000001 0.17760064412238327 0.43946666666666667
2 0.6161916264090177 0.5504666666666667 0.16394524959742351 0.22232000000000002
2 0.4175523349436393 0.5284266666666666 0.07162640901771339 0.20245333333333337
2 0.20686795491143317 0.6658133333333334 0.15570048309178744 0.2956266666666667
2 0.5333212560386473 0.5177466666666667 0.033711755233494366 0.09687999999999995
2 0.5198429951690821 0.5099466666666667 0.03073268921095014 0.09333333333333332
0 0.47083735909822866 0.48624 0.006843800322061192 0.05610666666666672
0 0.47421095008051534 0.48848 0.005636070853462158 0.05450666666666666
2 0.4466626409017713 0.4884266666666666 0.014082125603864742 0.049280000000000046
