0 0.37115539452495977 0.48134666666666664 0.012342995169082114 0.10183999999999999
2 0.352914653784219 0.4685333333333333 0.04589371980676329 0.11557333333333333
2 0.38515700483091786 0.4786 0.04527375201288246 0.08594666666666663
2 0.4286513687600644 0.4734 0.05321256038647341 0.07432000000000001
2 0.5493357487922707 0.45619999999999994 0.05224637681159419 0.094
2 0.5698752012882449 0.4626933333333333 0.038993558776167433 0.06330666666666669
2 0.6040016103059582 0.45824 0.04231884057971019 0.0673066666666667
2 0.6297785829307568 0.46598666666666666 0.0479468599033817 0.05319999999999997
2 0.6531843800322061 0.46534666666666663 0.035515297906602177 0.053626666666666704
2 0.672950885668277 0.4673733333333333 0.039557165861513685 0.05058666666666666
2 0.6937278582930757 0.46103999999999995 0.04636070853462152 0.05285333333333339
2 0.7303743961352657 0.4463733333333333 0.049331723027375186 0.07359999999999998
2 0.7482286634460548 0.45565333333333335 0.04384863123993553 0.049866666666666636
2 0.7661191626409017 0.45608 0.03847020933977453 0.04570666666666663
