2 0.5116948470209339 0.5583733333333333 0.054694041867954964 0.1708266666666666
2 0.8930233494363929 0.72908 0.21234299516908214 0.5365066666666667
2 0.6855434782608696 0.5915199999999999 0.14976650563607086 0.24384000000000006
2 0.053317230273752014 0.6259866666666667 0.10663446054750403 0.3093066666666667
2 0.30239533011272146 0.5807733333333333 0.10915458937198066 0.17301333333333332
2 0.45385265700483085 0.5006133333333332 0.033083735909822894 0.08101333333333331
2 0.24033011272141708 0.5620933333333333 0.09872785829307569 0.14781333333333335
2 0.3663486312399356 0.5280133333333333 0.05604669887278584 0.08375999999999999
2 0.5353904991948469 0.49476 0.03427536231884062 0.06744000000000006
2 0.5618438003220612 0.48329333333333335 0.019227053140096616 0.04541333333333333
2 0.11852657004830919 0.5706266666666667 0.12706924315619966 0.14733333333333332
