2 0.8857809983896939 0.7326266666666666 0.2268276972624799 0.4533066666666667
2 0.12650161030595813 0.6465466666666667 0.25300322061191627 0.3457866666666667
2 0.5293236714975846 0.5230933333333333 0.027536231884057915 0.06618666666666664
2 0.38943639291465376 0.5198133333333333 0.07534621578099843 0.09119999999999996
2 0.6210265700483092 0.54348 0.09250402576489532 0.11432
2 0.3207085346215781 0.5480133333333334 0.12293075684380032 0.16808
2 0.293719806763285 0.58348 0.15215780998389694 0.18418666666666664
2 0.2014412238325282 0.62444 0.2376650563607085 0.27208
2 0.7146618357487923 0.5796 0.13983896940418686 0.18816
2 0.7536835748792271 0.6069866666666667 0.16442028985507248 0.20047999999999994
