2 0.9613446054750403 0.7468799999999999 0.07570048309178742 0.44271999999999995
2 0.5857326892109501 0.5885866666666666 0.07731078904991948 0.17189333333333326
2 0.05980273752012883 0.7597599999999999 0.11960547504025766 0.47514666666666666
2 0.09949677938808374 0.6881333333333334 0.19899355877616748 0.35317333333333323
2 0.2220330112721417 0.6176266666666667 0.1976731078904992 0.2187733333333333
2 0.279158615136876 0.5930933333333334 0.1364170692431562 0.16159999999999997
2 0.5418719806763285 0.5488666666666666 0.04781803542673116 0.10952000000000005
2 0.37851851851851853 0.5458533333333333 0.08272141706924316 0.09570666666666662
2 0.38007246376811593 0.5163466666666666 0.05624798711755235 0.09381333333333335
2 0.5158333333333333 0.5052666666666666 0.019460547504025733 0.06114666666666668
