2 0.03302737520128825 0.8045599999999999 0.0660547504025765 0.3855466666666667
2 0.13611111111111113 0.72912 0.22626409017713364 0.36144
2 0.2572423510466989 0.6363066666666667 0.11358293075684377 0.22189333333333341
2 0.3219766505636071 0.59272 0.07739935587761675 0.15066666666666667
2 0.8065700483091788 0.48248 0.16809983896940425 0.20127999999999996
2 0.7603824476650564 0.47215999999999997 0.10738325281803543 0.18074666666666667
2 0.7242149758454106 0.4770133333333333 0.11013687600644119 0.15722666666666668
2 0.9880515297906601 0.39845333333333327 0.022286634460547555 0.12597333333333333
2 0.68158615136876 0.48319999999999996 0.10032206119162643 0.13008
2 0.37024557165861516 0.55584 0.05359903381642511 0.108
2 0.5734178743961352 0.5352666666666667 0.05751207729468595 0.13698666666666667
2 0.5566344605475041 0.52164 0.04185185185185187 0.11575999999999999
