2 0.8533776167471819 0.7315333333333333 0.2916344605475041 0.5316
2 0.08497584541062803 0.78084 0.16995169082125605 0.4329866666666667
2 0.2168196457326892 0.66964 0.1973429951690821 0.41496
2 0.6421215780998389 0.6006266666666666 0.12483896940418676 0.2846133333333334
2 0.32543880837359096 0.5861466666666667 0.10205314009661835 0.24354666666666677
2 0.5922745571658615 0.5458000000000001 0.08155394524959739 0.17421333333333336
2 0.5609742351046699 0.46713333333333334 0.07008051529790657 0.23490666666666668
2 0.537975040257649 0.5044933333333333 0.03541867954911434 0.09378666666666671
2 0.5158413848631239 0.49716 0.02318035426731085 0.06130666666666669
2 0.42278582930756836 0.5066933333333333 0.024074074074074057 0.05424000000000001
2 0.5007648953301127 0.4894266666666666 0.027665056360708547 0.06210666666666672
2 0.4788204508856682 0.48991999999999997 0.02102254428341386 0.0445333333333333
