0 0.4910056542810986 0.5464171122994652 0.01228594507269793 0.14828877005347596
0 0.5105896607431342 0.5358689839572192 0.02114701130856225 0.1563903743315508
0 0.15327544426494347 0.7314037433155081 0.09257673667205171 0.5318449197860963
0 0.2109854604200323 0.6344652406417112 0.037140549273021 0.2742245989304813
2 0.07061389337641358 0.7043449197860963 0.14122778675282716 0.5859625668449198
0 0.22617932148626818 0.6473930481283422 0.034442649434571884 0.32227272727272716
0 0.6528352180936996 0.6078877005347593 0.048610662358642934 0.3912299465240641
0 0.8799030694668822 0.6326871657754011 0.0998546042003232 0.5511497326203209
0 0.2904483037156705 0.5846657754010696 0.020831987075928936 0.1797058823529412
0 0.4208925686591277 0.549451871657754 0.013432956381260094 0.14868983957219253
2 0.33621567043618744 0.5709893048128343 0.09827948303715672 0.25417112299465233
2 0.38053311793214867 0.5433957219251337 0.05667205169628435 0.17834224598930484
