2 0.20024154589371979 0.7543466666666666 0.2637842190016103 0.48597333333333337
2 0.7706682769726249 0.7414533333333333 0.24837359098228673 0.5054133333333333
2 0.3186634460547504 0.5786266666666667 0.13626409017713362 0.3680266666666667
2 0.6527053140096619 0.62432 0.14198067632850245 0.28320000000000006
2 0.6078220611916264 0.5569866666666666 0.05976650563607087 0.16591999999999998
2 0.17866747181964573 0.4980666666666666 0.21429146537842192 0.25373333333333337
2 0.6243880837359098 0.5162666666666668 0.0680193236714976 0.15658666666666665
2 0.505144927536232 0.48148 0.026682769726247977 0.09330666666666669
2 0.6903421900161031 0.46197333333333335 0.11398550724637685 0.14335999999999996
2 0.4105354267310789 0.5009733333333334 0.030475040257648925 0.06994666666666664
