2 0.47818694601128126 0.5122074468085106 0.03307010475423052 0.09952127659574472
2 0.187232070910556 0.7155851063829787 0.22787268331990332 0.38569148936170206
2 0.1818170829975826 0.5852393617021276 0.12062046736502822 0.18734042553191488
2 0.30711925866236905 0.5789095744680851 0.09852538275584205 0.19281914893617022
2 0.30484286865431104 0.5252393617021277 0.06304593070104755 0.13936170212765958
2 0.3985858178887993 0.4951595744680851 0.05362610797743751 0.1702127659574468
2 0.3347461724415794 0.5295611702127659 0.03967767929089445 0.0814627659574468
2 0.4210878323932313 0.5007978723404255 0.029443996776792925 0.08122340425531913
2 0.44077759871071714 0.4769946808510638 0.020088638195004078 0.07414893617021275
2 0.2277921031426269 0.540159574468085 0.07371474617244159 0.11420212765957446
