2 0.4968115942028985 0.5207466666666667 0.03520128824476653 0.11023999999999994
2 0.9731884057971015 0.71668 0.052012882447664985 0.5613066666666666
2 0.8075805152979066 0.7188133333333333 0.23374396135265704 0.4869066666666667
2 0.7027012882447665 0.6139333333333333 0.17214975845410624 0.33330666666666675
2 0.6617431561996779 0.5728 0.1456441223832528 0.22319999999999995
2 0.62920692431562 0.5435466666666667 0.12020128824476647 0.18949333333333335
2 0.5976731078904991 0.52208 0.08893719806763278 0.11493333333333339
2 0.43824476650563604 0.4923866666666666 0.015024154589371955 0.03527999999999997
2 0.4052576489533012 0.5156799999999999 0.02721417069243157 0.06448000000000001
2 0.5660426731078906 0.5021733333333334 0.06408212560386475 0.08344000000000006
2 0.547818035426731 0.4967866666666667 0.05207729468599039 0.06557333333333334
2 0.5360909822866345 0.48266666666666663 0.04309983896940426 0.06544000000000005
2 0.3909782608695652 0.49448 0.023389694041867963 0.05301333333333332
2 0.3690579710144928 0.4925733333333333 0.01541062801932366 0.04066666666666666
