2 0.12478663446054751 0.7696266666666667 0.24957326892109502 0.45541333333333334
0 0.7054710144927536 0.5371466666666667 0.028285024154589368 0.25056
2 0.727145732689211 0.66284 0.16664251207729472 0.3486133333333334
2 0.6516666666666666 0.5942533333333332 0.09814814814814822 0.21031999999999992
2 0.36976247987117555 0.5901466666666667 0.0936795491143317 0.2085066666666666
2 0.40851449275362317 0.56056 0.058623188405797055 0.14506666666666668
2 0.6059742351046699 0.5526 0.06314009661835755 0.14717333333333332
2 0.4335426731078905 0.5364266666666666 0.04438003220611916 0.1239466666666667
2 0.47415056360708535 0.5211333333333333 0.041634460547504054 0.09186666666666671
2 0.5881763285024154 0.5330266666666666 0.036256038647342975 0.1117066666666667
2 0.5476690821256038 0.5056266666666667 0.0417954911433172 0.06741333333333334
