2 0.049939613526570045 0.80068 0.09987922705314009 0.3933066666666667
2 0.26109500805152974 0.7686000000000001 0.2172141706924316 0.4574666666666667
2 0.36062399355877617 0.6431466666666666 0.12070048309178746 0.2668266666666666
2 0.6524355877616748 0.6204666666666667 0.10132850241545896 0.28978666666666664
2 0.9752938808373591 0.6576000000000001 0.04780193236714967 0.53072
2 0.41721819645732683 0.5576933333333333 0.05309983896940418 0.15426666666666664
2 0.42975040257648955 0.5471733333333333 0.056666666666666705 0.11184
2 0.4685829307568438 0.47835999999999995 0.052109500805153 0.058426666666666655
2 0.6501771336553945 0.5731333333333334 0.08370370370370374 0.19533333333333333
2 0.6896256038647344 0.5366533333333333 0.08364734299516907 0.16397333333333336
2 0.636670692431562 0.4972533333333333 0.09044283413848625 0.11269333333333331
2 0.8712600644122384 0.5028 0.09277777777777779 0.12869333333333338
2 0.8079106280193237 0.48290666666666665 0.07590177133655393 0.08464000000000002
