2 0.4929186795491143 0.5324933333333334 0.043631239935587714 0.11746666666666669
2 0.0616304347826087 0.5020399999999999 0.1232608695652174 0.9905866666666667
2 0.24674315619967796 0.62668 0.195 0.27698666666666666
2 0.36358293075684384 0.5267866666666666 0.10752012882447666 0.16749333333333333
2 0.38115942028985506 0.5110533333333332 0.07890499194847021 0.15010666666666664
2 0.4132246376811594 0.49167999999999995 0.06144122383252818 0.10149333333333334
2 0.5409339774557166 0.4788266666666667 0.04041867954911437 0.12671999999999994
2 0.48682367149758454 0.5032533333333333 0.027576489533011273 0.08335999999999998
2 0.3093478260869565 0.5546533333333333 0.1710950080515298 0.27890666666666675
3 0.18413043478260868 0.4719466666666667 0.12890499194847022 0.2307733333333333
