2 0.5056159420289855 0.5563866666666667 0.050764895330112685 0.13768
2 0.26910628019323674 0.6450666666666668 0.1743478260869565 0.34437333333333336
2 0.3052938808373591 0.6025999999999999 0.1391062801932367 0.2349066666666666
2 0.3958937198067633 0.5454666666666667 0.09202898550724639 0.12426666666666665
2 0.413329307568438 0.5196133333333333 0.059219001610305966 0.09432000000000001
2 0.425889694041868 0.51804 0.0589935587761675 0.08429333333333329
2 0.45768518518518514 0.47821333333333327 0.04691626409017721 0.07994666666666664
2 0.8777012882447666 0.7777333333333333 0.2429871175523349 0.4392
2 0.6990861513687602 0.6204666666666666 0.15347020933977457 0.3108533333333333
0 0.6106280193236716 0.5945866666666666 0.0332850241545894 0.22293333333333332
2 0.6243518518518518 0.5721999999999999 0.07491948470209345 0.1600266666666667
2 0.5951489533011272 0.5499333333333333 0.05376006441223831 0.11885333333333331
2 0.5816425120772947 0.5229333333333334 0.04766505636070857 0.11973333333333334
0 0.55323268921095 0.5080266666666666 0.011537842190016044 0.07504000000000004
2 0.09551127214170692 0.62284 0.19102254428341384 0.25570666666666664
2 0.5047141706924316 0.5147333333333334 0.02962157809983894 0.0894666666666667
2 0.026191626409017715 0.54408 0.05238325281803543 0.17898666666666668
2 0.2172141706924316 0.5708799999999999 0.11524959742351047 0.1737066666666667
2 0.7156360708534621 0.49324 0.09570048309178746 0.12269333333333331
