2 0.6953180354267311 0.7117333333333332 0.191231884057971 0.38831999999999994
2 0.0911231884057971 0.7245466666666666 0.1822463768115942 0.43629333333333326
2 0.11456924315619967 0.6799999999999999 0.22913848631239933 0.3210666666666666
2 0.17861513687600644 0.6302666666666668 0.21573268921095007 0.2606400000000001
2 0.22061191626409019 0.6012933333333333 0.17901771336553945 0.21272000000000002
2 0.2580756843800322 0.57368 0.14824476650563606 0.19589333333333334
2 0.5731280193236715 0.5713333333333334 0.0750644122383253 0.16602666666666663
2 0.3358735909822866 0.5576533333333333 0.11851046698872786 0.13285333333333332
2 0.5466867954911433 0.5310933333333333 0.042938808373590924 0.0954666666666667
2 0.33846618357487923 0.5394133333333333 0.09221417069243154 0.12367999999999998
2 0.35035426731078906 0.5220666666666667 0.07586151368760066 0.12429333333333337
2 0.5239935587761674 0.4992 0.02515297906602255 0.07274666666666667
