2 0.48473005640612404 0.5269148936170213 0.031216760676873494 0.0940425531914894
2 0.1715310233682514 0.7525797872340426 0.2996293311845286 0.4895212765957447
2 0.1238638195004029 0.6374202127659575 0.1919661563255439 0.27271276595744676
2 0.2987671232876712 0.5656382978723404 0.0731184528605963 0.1318617021276596
2 0.39021756647864625 0.5787765957446809 0.07110394842868654 0.15627659574468084
2 0.35030217566478644 0.5310239361702128 0.04648670427074939 0.0927925531914894
2 0.4126954069298952 0.5318882978723405 0.037961321514907345 0.08276595744680852
2 0.43859387590652704 0.48682180851063833 0.028259468170830016 0.10869680851063823
2 0.059528605962933114 0.6136569148936171 0.11905721192586623 0.23470744680851063
2 0.15248186946011283 0.5743351063829787 0.11263497179693795 0.1545744680851064
2 0.2645447219983884 0.5420079787234043 0.055600322320709106 0.08816489361702129
