2 0.5062117552334943 0.5873066666666666 0.06393719806763283 0.17616
2 0.1963204508856683 0.5667733333333332 0.09442834138486315 0.14986666666666662
1 0.7682648953301127 0.5861999999999999 0.10577294685990339 0.24952000000000005
2 0.5820692431561997 0.5246666666666666 0.06481481481481481 0.2089066666666666
0 0.3701449275362319 0.5692666666666667 0.020402576489532993 0.2397066666666667
2 0.28828502415458934 0.5232133333333333 0.05236714975845412 0.10797333333333328
2 0.3723188405797101 0.54948 0.08597423510466987 0.13832
2 0.39759259259259255 0.53996 0.07827697262479869 0.09549333333333326
2 0.41960547504025764 0.5246533333333333 0.05692431561996778 0.08098666666666668
2 0.43995169082125607 0.5078666666666666 0.04190016103059588 0.05488000000000003
2 0.48379227053140095 0.53512 0.034975845410628065 0.1058666666666667
2 0.28902979066022544 0.5141466666666666 0.046755233494363925 0.07032000000000001
