2 0.46137681159420285 0.6806133333333333 0.12560386473429952 0.3969066666666666
2 0.484951690821256 0.5481466666666667 0.06144927536231888 0.21234666666666666
2 0.710841384863124 0.6935866666666667 0.19673913043478253 0.45682666666666666
2 0.6022141706924315 0.5928933333333333 0.09940418679549108 0.23970666666666662
2 0.557475845410628 0.5507333333333333 0.05825281803542666 0.16312000000000004
2 0.10692028985507247 0.5408799999999999 0.06633655394524961 0.08575999999999999
2 0.2961876006441224 0.5145733333333333 0.04912238325281803 0.06951999999999998
2 0.2211231884057971 0.5296933333333332 0.05356682769726246 0.07090666666666667
2 0.455841384863124 0.5053466666666666 0.031602254428341386 0.07981333333333335
2 0.5367270531400966 0.5239333333333333 0.03395330112721423 0.1025333333333333
