2 0.07165056360708534 0.77152 0.14330112721417068 0.4516266666666667
2 0.1295048309178744 0.6945066666666666 0.2590096618357488 0.3632533333333333
2 0.15090177133655397 0.6476399999999999 0.26128824476650564 0.25687999999999994
2 0.23043075684380032 0.6035333333333334 0.16039452495974235 0.22344000000000006
2 0.6390418679549115 0.6264266666666667 0.132012882447665 0.2850133333333334
2 0.34829307568438 0.5415466666666666 0.1023671497584541 0.1310933333333333
2 0.5607246376811594 0.52008 0.0412238325281803 0.11093333333333338
2 0.36814412238325284 0.5260666666666667 0.08480676328502414 0.0945333333333333
2 0.38971819645732686 0.5116533333333333 0.06281803542673106 0.08224000000000001
2 0.5262640901771336 0.46221333333333325 0.01732689210950079 0.06485333333333339
