2 0.602969379532635 0.6067154255319149 0.08374697824335209 0.1950797872340426
2 0.16445608380338436 0.7578590425531915 0.30367445608380333 0.4789627659574468
2 0.3655882352941176 0.5855452127659575 0.08028203062046736 0.1914627659574469
2 0.539887187751813 0.5324202127659574 0.036099919419822685 0.08952127659574467
2 0.22826349717969377 0.5893484042553192 0.10418211120064465 0.17827127659574468
2 0.4021837228041902 0.553656914893617 0.050813859790491536 0.12082446808510633
2 0.3170628525382756 0.5514361702127659 0.05615632554391619 0.10750000000000004
2 0.35606768734891214 0.5318218085106383 0.037389202256244945 0.07922872340425537
2 0.4358863819500402 0.5248803191489362 0.022860596293311847 0.05710106382978723
2 0.3957171635777599 0.5081515957446808 0.027437550362610807 0.06752659574468081
2 0.48431909750201446 0.5177792553191489 0.019371474617244127 0.06066489361702128
2 0.5089000805801773 0.5129787234042553 0.01315874294923452 0.043776595744680874
