2 0.9469566993464053 0.5682297297297297 0.1044526143790849 0.1387297297297297
2 0.8944035947712419 0.5628243243243244 0.10210784313725492 0.13181081081081078
2 0.825763888888889 0.5623783783783783 0.09471405228758176 0.142
2 0.5062091503267974 0.5072702702702703 0.02789215686274509 0.08194594594594594
0 0.9916421568627451 0.7075675675675677 0.01508169934640526 0.5794594594594595
0 0.16288398692810457 0.4739594594594595 0.01388888888888889 0.1271621621621621
0 0.25459150326797386 0.49663513513513513 0.014705882352941176 0.139
1 0.4305841503267975 0.4987297297297298 0.020531045751633985 0.1316216216216216
0 0.21995098039215688 0.474445945945946 0.01442810457516342 0.1162972972972973
0 0.28744281045751635 0.5497297297297297 0.03022875816993464 0.24583783783783789
0 0.31308823529411767 0.5442567567567568 0.046045751633986894 0.23570270270270266
0 0.343639705882353 0.5541621621621623 0.03948529411764705 0.25464864864864867
0 0.4455351307189543 0.5889324324324325 0.03976307189542481 0.3358648648648649
0 0.4856781045751634 0.5764594594594594 0.04629084967320259 0.29643243243243245
0 0.32099673202614376 0.5893243243243244 0.032679738562091505 0.31048648648648647
0 0.359358660130719 0.5765 0.03567810457516341 0.2977567567567567
0 0.3895138888888889 0.5721621621621622 0.03948529411764705 0.26275675675675675
0 0.28889705882352945 0.5606216216216217 0.03321895424836603 0.26556756756756755
