2 0.08614331723027374 0.7595466666666666 0.17228663446054748 0.47557333333333335
2 0.882926731078905 0.7581733333333333 0.23253623188405792 0.47832
2 0.194597423510467 0.6410533333333333 0.17288244766505637 0.29890666666666665
2 0.7411151368760064 0.7080799999999999 0.23195652173913045 0.4521066666666667
2 0.40084943639291465 0.5066666666666666 0.045466988727858315 0.07258666666666674
0 0.5470289855072464 0.49471999999999994 0.009935587761674743 0.09456000000000002
2 0.4745330112721417 0.48656 0.048164251207729415 0.05418666666666665
2 0.30921900161030597 0.5075733333333333 0.05545893719806763 0.06319999999999996
2 0.5594484702093399 0.48533333333333334 0.0515700483091788 0.05173333333333327
3 0.5014694041867955 0.45483999999999997 0.06430756843800323 0.11058666666666667
