2 0.1775523349436393 0.5199199999999999 0.3551046698872786 0.9548266666666666
0 0.6722181964573268 0.5346799999999999 0.026835748792270474 0.22018666666666664
1 0.3706360708534622 0.5790533333333333 0.03378421900161029 0.22653333333333336
1 0.3986111111111111 0.53572 0.020636070853462155 0.16050666666666666
2 0.5929750402576489 0.57404 0.07822061191626407 0.20562666666666662
2 0.5608615136876006 0.53748 0.058695652173913024 0.17202666666666663
2 0.5457326892109501 0.5195333333333333 0.04561996779388081 0.14295999999999995
0 0.5002898550724638 0.4838799999999999 0.00913043478260863 0.07720000000000005
0 0.5019806763285024 0.48597333333333337 0.01019323671497582 0.07509333333333332
2 0.4406441223832528 0.48466666666666663 0.018792270531400992 0.06367999999999999
2 0.4024838969404187 0.5160533333333333 0.03266505636070848 0.08522666666666669
2 0.3206561996779388 0.5827199999999999 0.08532206119162643 0.18437333333333336
