2 0.22764895330112722 0.7599733333333333 0.2604991948470209 0.47472000000000003
2 0.37201288244766506 0.5373733333333333 0.1114170692431562 0.35394666666666663
2 0.8330032206119162 0.69116 0.3323832528180355 0.6123466666666666
2 0.716280193236715 0.5860799999999999 0.2654589371980677 0.2928
2 0.15958132045088566 0.7167866666666667 0.1978743961352657 0.36381333333333327
2 0.5908735909822866 0.5274 0.1321497584541063 0.18082666666666666
2 0.42892109500805153 0.51296 0.05694041867954914 0.16373333333333334
2 0.5266022544283413 0.5108666666666666 0.030032206119162696 0.08727999999999997
2 0.5147342995169082 0.5046666666666666 0.027793880837359085 0.08501333333333332
0 0.465805152979066 0.48024 0.007246376811594203 0.05317333333333332
0 0.46955716586151375 0.48048 0.005636070853462158 0.0516266666666667
