2 0.09641304347826088 0.6360133333333333 0.19282608695652176 0.27005333333333326
2 0.16601449275362318 0.5896933333333333 0.1672463768115942 0.21202666666666664
2 0.21064814814814814 0.5786933333333333 0.15087761674718195 0.1698666666666667
2 0.2534420289855072 0.5498533333333333 0.13210144927536233 0.16759999999999997
2 0.28737117552334945 0.55108 0.1025684380032206 0.12989333333333328
2 0.30523349436392916 0.5361733333333333 0.08819645732689213 0.10429333333333336
2 0.3222584541062802 0.53484 0.07033011272141709 0.10818666666666664
2 0.3453945249597424 0.5321866666666666 0.07220611916264091 0.08325333333333333
2 0.3569927536231884 0.5106133333333334 0.06226247987117551 0.09237333333333336
2 0.3710386473429952 0.5165466666666667 0.06154589371980676 0.08184
2 0.3818035426731079 0.5116533333333333 0.05690821256038648 0.07333333333333333
