2 0.4786312399355878 0.5456000000000001 0.04645732689210945 0.1253866666666667
2 0.18849436392914654 0.7594666666666666 0.3227697262479871 0.47573333333333334
2 0.32712962962962966 0.6660933333333334 0.13665861513687602 0.3076533333333334
2 0.2171256038647343 0.63052 0.14072463768115942 0.2420533333333333
2 0.32734702093397744 0.5483999999999999 0.08659420289855069 0.12522666666666668
2 0.34750402576489536 0.53392 0.08046698872785829 0.12250666666666665
2 0.3727979066022544 0.52288 0.05796296296296297 0.08282666666666667
2 0.43786231884057975 0.51624 0.033792270531400895 0.07930666666666669
2 0.3976368760064412 0.5028133333333333 0.05538647342995166 0.07101333333333332
2 0.7508735909822867 0.7270666666666665 0.24828502415458936 0.5405333333333333
2 0.543756038647343 0.53776 0.04633655394524956 0.11498666666666668
3 0.5368639291465379 0.44956 0.054098228663446005 0.20850666666666665
0 0.5901368760064413 0.5058666666666666 0.00913043478260872 0.11626666666666664
2 0.13043880837359098 0.5507866666666666 0.09814009661835747 0.11677333333333331
2 0.48263285024154595 0.51472 0.029227053140096673 0.08837333333333337
