2 0.47854552780016113 0.5120877659574469 0.034609186140209545 0.10412234042553192
2 0.054899274778404505 0.657313829787234 0.10979854955680901 0.3014893617021276
2 0.1812973408541499 0.6718882978723404 0.21316680096696208 0.3556382978723404
2 0.23094681708299758 0.547566489361702 0.1028928283642224 0.1996542553191489
2 0.3736986301369863 0.5054787234042553 0.0750040290088638 0.22627659574468081
2 0.291651893634166 0.5417154255319149 0.057099113618049965 0.10651595744680854
2 0.4101813053988718 0.5045877659574468 0.03626913779210313 0.09678191489361698
2 0.42494762288477034 0.5072606382978723 0.024012892828364184 0.05898936170212768
2 0.43709911361805 0.47646276595744674 0.022723609991941927 0.08239361702127657
2 0.14550362610797743 0.5653324468085106 0.11350523771152297 0.15529255319148932
