2 0.4964251207729468 0.5209733333333333 0.03550724637681161 0.11122666666666668
2 0.9293840579710145 0.7480133333333333 0.13962157809983902 0.49864
2 0.7849194847020934 0.6941066666666666 0.21956521739130438 0.5140266666666667
2 0.7041384863123993 0.6108266666666666 0.17822866344605476 0.2961599999999999
2 0.6566747181964573 0.5630666666666666 0.14098228663446055 0.23573333333333335
2 0.6328582930756844 0.55168 0.10368760064412236 0.16842666666666664
2 0.6114814814814815 0.53116 0.10064412238325282 0.13282666666666668
2 0.4314734299516908 0.4930133333333333 0.016972624798711696 0.039039999999999964
2 0.3885668276972625 0.5238666666666666 0.03423510466988731 0.07733333333333334
2 0.5725684380032207 0.5053333333333333 0.06998389694041873 0.09194666666666672
2 0.5521537842190016 0.4983733333333333 0.056143317230273763 0.07114666666666661
2 0.5376046698872785 0.48396 0.04561191626409016 0.06936000000000005
2 0.38481481481481483 0.49712 0.025056360708534627 0.05589333333333335
2 0.36268921095008055 0.49112 0.01637681159420288 0.04256000000000002
