2 0.4862640901771337 0.5063599999999999 0.0199355877616748 0.06279999999999995
2 0.3305273752012882 0.6591333333333333 0.1323913043478261 0.30344
2 0.8259702093397746 0.7354933333333333 0.3464492753623188 0.5236799999999999
2 0.6771376811594203 0.6762533333333333 0.15580515297906603 0.4366133333333333
2 0.5763486312399356 0.5688666666666666 0.07132850241545896 0.1753866666666667
2 0.5331521739130435 0.5214666666666666 0.031731078904991925 0.09072000000000002
2 0.5568397745571659 0.5425466666666666 0.050829307568438 0.14024
2 0.30434782608695654 0.5421333333333334 0.06685990338164248 0.08058666666666667
2 0.21871578099838968 0.5459866666666666 0.07525764895330113 0.08408
2 0.5180636070853462 0.5046533333333333 0.020845410628019312 0.05767999999999999
0 0.7127012882447664 0.5746266666666667 0.03516103059581317 0.33304
