2 0.3903059581320451 0.5987466666666666 0.1157648953301127 0.2750933333333334
2 0.6839533011272142 0.6532133333333333 0.17085346215781003 0.4166666666666666
2 0.43440821256038653 0.5568933333333334 0.09086151368760066 0.18130666666666667
2 0.5741666666666667 0.5149066666666666 0.0385104669887278 0.10106666666666668
2 0.6234138486312399 0.5797733333333334 0.0872141706924316 0.20909333333333333
0 0.3907045088566828 0.52944 0.015386473429951702 0.18506666666666668
0 0.39463365539452494 0.52016 0.010845410628019346 0.1562133333333333
2 0.49013687600644124 0.49264 0.02450885668276977 0.07285333333333331
2 0.561147342995169 0.5015333333333333 0.027479871175523345 0.07501333333333332
0 0.4056642512077295 0.5237333333333334 0.010990338164251235 0.15882666666666667
