2 0.48349838969404185 0.4992 0.01958937198067627 0.0617066666666667
2 0.40425925925925926 0.5594399999999999 0.05861513687600645 0.14586666666666664
2 0.8276207729468599 0.7457466666666666 0.3431481481481482 0.5031733333333334
2 0.6596054750402577 0.65444 0.16088566827697257 0.37837333333333334
2 0.602206119162641 0.58428 0.08483091787439614 0.25410666666666665
2 0.5554066022544284 0.5409733333333333 0.0522785829307568 0.13266666666666665
2 0.5259420289855072 0.5116666666666666 0.02658615136876005 0.07767999999999999
2 0.5414774557165861 0.5269333333333333 0.039508856682769676 0.11269333333333331
2 0.3233252818035427 0.5221733333333333 0.057826086956521736 0.07016
2 0.24882045088566826 0.5239199999999999 0.06520933977455713 0.0732266666666666
2 0.5135104669887278 0.4954 0.01876006441223829 0.052133333333333365
0 0.6509460547504026 0.5351866666666666 0.02411433172302741 0.23234666666666665
