2 0.494500805152979 0.54032 0.045491143317230275 0.12159999999999999
2 0.05305958132045089 0.66016 0.10611916264090178 0.6743466666666666
2 0.2602133655394525 0.6214533333333333 0.15875201288244767 0.2682933333333334
2 0.32192834138486315 0.5653866666666667 0.13411433172302736 0.25274666666666673
2 0.3711070853462158 0.55052 0.10031400966183578 0.13373333333333334
2 0.3798913043478261 0.5348533333333333 0.08868760064412236 0.12
2 0.4021537842190016 0.51952 0.06266505636070852 0.08485333333333331
2 0.4182004830917874 0.5054933333333334 0.054710144927536224 0.07605333333333328
2 0.6089573268921096 0.5228933333333332 0.10516103059581322 0.28957333333333335
2 0.5409541062801932 0.508 0.02559581320450883 0.06666666666666667
2 0.4882407407407407 0.5089866666666667 0.028945249597423547 0.08485333333333331
2 0.08100644122383253 0.6329199999999999 0.16201288244766507 0.26983999999999997
2 0.10768921095008052 0.5501866666666666 0.12616747181964572 0.14426666666666665
2 0.2612278582930757 0.50732 0.08649758454106281 0.19933333333333333
2 0.193780193236715 0.52076 0.07197262479871176 0.12007999999999999
