2 0.38434232026143794 0.5495135135135135 0.07868464052287587 0.17756756756756756
1 0.7502941176470589 0.46572972972972976 0.05560457516339865 0.15843243243243246
1 0.6902410130718954 0.46678378378378377 0.044730392156862746 0.1376216216216216
0 0.44276552287581694 0.5066216216216216 0.02276960784313726 0.14097297297297298
1 0.5710539215686274 0.4762972972972973 0.030866013071895404 0.09491891891891893
0 0.34677287581699345 0.5107432432432433 0.01736928104575163 0.15418918918918922
0 0.21969362745098042 0.5370945945945946 0.0257434640522876 0.12218918918918922
0 0.2123529411764706 0.5415135135135136 0.02622549019607845 0.11756756756756757
1 0.2668341503267974 0.5396081081081081 0.05293300653594773 0.15797297297297294
0 0.2951062091503268 0.521972972972973 0.016633986928104586 0.12081081081081078
0 0.28913807189542484 0.5284864864864866 0.018635620915032684 0.1457297297297297
0 0.35532679738562095 0.5116486486486487 0.011421568627450996 0.15075675675675676
2 0.9035947712418301 0.43900000000000006 0.09540849673202631 0.09205405405405406
