2 0.8214613526570048 0.7379866666666667 0.3554669887278583 0.5186933333333333
2 0.6479669887278583 0.6066933333333333 0.12986312399355876 0.31039999999999995
2 0.2672584541062802 0.6694666666666667 0.14657809983896938 0.2954666666666666
2 0.3415257648953301 0.5816266666666667 0.08569243156199678 0.2141333333333333
2 0.5773188405797102 0.5445333333333333 0.06470209339774559 0.16405333333333336
2 0.384597423510467 0.5634933333333333 0.05782608695652178 0.15525333333333333
2 0.561719001610306 0.52704 0.053937198067632856 0.1173866666666667
2 0.5452858293075684 0.48089333333333334 0.05171497584541064 0.17751999999999998
2 0.513792270531401 0.49867999999999996 0.020370370370370334 0.052400000000000016
2 0.43376006441223836 0.51096 0.021352657004830904 0.04666666666666666
