2 0.4918156199677939 0.5025333333333333 0.019122383252818037 0.06026666666666665
2 0.9234339774557165 0.7913999999999999 0.15152173913043482 0.4118666666666666
2 0.8048590982286634 0.7443466666666666 0.3359822866344605 0.5059733333333334
2 0.44995974235104663 0.5146933333333333 0.02626409017713366 0.07151999999999997
2 0.6031280193236715 0.5806 0.07876811594202902 0.19474666666666665
2 0.5726690821256039 0.55068 0.06311594202898559 0.1656266666666667
2 0.5581320450885668 0.5307866666666667 0.044202898550724616 0.13906666666666667
2 0.539013687600644 0.5211066666666667 0.03414653784218999 0.08904000000000004
2 0.36278180354267314 0.5153733333333332 0.044919484702093414 0.05586666666666671
2 0.30369565217391303 0.5195066666666667 0.050547504025764876 0.05832000000000001
0 0.6033856682769726 0.5085466666666666 0.01641706924315619 0.1449866666666666
