2 0.1539814814814815 0.7585333333333333 0.307962962962963 0.47759999999999997
2 0.835660225442834 0.7437599999999999 0.3270692431561997 0.5071466666666666
2 0.29669082125603863 0.5957733333333334 0.1592270531400966 0.41864000000000007
2 0.6739613526570047 0.64888 0.1675201288244767 0.3274133333333334
2 0.6174315619967794 0.5627066666666666 0.06523349436392913 0.18072000000000002
2 0.15884863123993562 0.50044 0.2300805152979066 0.27111999999999997
2 0.6331682769726248 0.51708 0.07087761674718195 0.1671733333333333
2 0.5048268921095008 0.48255999999999993 0.027576489533011273 0.09637333333333337
2 0.6974718196457327 0.45948 0.11847020933977455 0.1486133333333333
2 0.4077294685990338 0.5048133333333333 0.03141706924315618 0.07224000000000001
2 0.3665217391304348 0.49389333333333335 0.038904991948470205 0.09882666666666667
