2 0.5046698872785829 0.5668533333333333 0.05251207729468592 0.1651733333333333
2 0.8097101449275363 0.6783999999999999 0.21268921095008048 0.4603199999999999
2 0.6274154589371981 0.5608133333333334 0.09510466988727849 0.16791999999999999
2 0.5866384863123993 0.5372266666666666 0.07892914653784217 0.11264000000000002
2 0.2845450885668277 0.5925866666666666 0.09793075684380037 0.19413333333333335
2 0.39601851851851855 0.5315866666666667 0.045370370370370346 0.09533333333333333
2 0.169170692431562 0.6044266666666666 0.1311111111111111 0.17695999999999995
2 0.24741948470209335 0.5564266666666666 0.07450080515297909 0.15066666666666667
2 0.45338969404186796 0.5091466666666666 0.029146537842190054 0.054346666666666654
2 0.33142914653784217 0.5318933333333333 0.05108695652173912 0.09034666666666664
2 0.39556360708534616 0.5184533333333333 0.04181964573268921 0.060479999999999944
2 0.033035426731078905 0.5926133333333333 0.06607085346215781 0.17120000000000005
2 0.05193639291465378 0.5506533333333333 0.10387278582930756 0.11442666666666665
2 0.5197504025764895 0.50068 0.01822866344605474 0.049946666666666716
2 0.5457045088566828 0.49013333333333337 0.02036231884057968 0.03957333333333334
2 0.257097423510467 0.5309066666666666 0.06245571658615141 0.08778666666666671
