2 0.5042995169082125 0.5657066666666666 0.052673107890499164 0.16543999999999998
2 0.8662117552334944 0.7182133333333333 0.2400241545893721 0.55824
2 0.6373389694041869 0.5670266666666667 0.1015217391304348 0.18194666666666665
2 0.5915700483091788 0.5414266666666667 0.08309178743961357 0.11959999999999998
2 0.22872785829307568 0.6242266666666667 0.1353623188405797 0.25048000000000004
2 0.38125201288244764 0.5383333333333333 0.052101449275362303 0.10680000000000002
2 0.13839371980676327 0.6122533333333332 0.1492351046698873 0.19293333333333332
2 0.23370772946859902 0.5610266666666667 0.08079710144927536 0.1598666666666667
2 0.44595813204508866 0.5121466666666666 0.03130434782608695 0.05874666666666667
2 0.32467391304347826 0.5347066666666667 0.054790660225442794 0.09447999999999994
2 0.39316425120772946 0.5195733333333333 0.04252818035426735 0.062346666666666654
2 0.016988727858293078 0.5965199999999999 0.033977455716586155 0.1712266666666667
2 0.04144524959742351 0.5511733333333333 0.08289049919484702 0.11749333333333334
2 0.5232930756843801 0.49929333333333337 0.019500805152978997 0.04920000000000004
2 0.24684380032206119 0.53312 0.06632850241545893 0.09168000000000007
