1 0.9474918300653595 0.6309189189189189 0.04684640522875829 0.31151351351351353
0 0.028709150326797387 0.6442432432432433 0.05147058823529412 0.4402702702702703
0 0.17438725490196078 0.6977567567567569 0.0784313725490196 0.5990810810810812
1 0.7075081699346406 0.6438513513513514 0.06898692810457521 0.33781081081081094
1 0.8365890522875816 0.6046486486486486 0.031184640522875784 0.17297297297297298
0 0.498639705882353 0.5263378378378378 0.01035130718954245 0.11462162162162162
0 0.5118300653594772 0.5231081081081081 0.011437908496732027 0.09810810810810806
1 0.7305637254901961 0.5641756756756757 0.03290849673202612 0.11035135135135131
0 0.7959844771241831 0.5527162162162162 0.011168300653594738 0.11013513513513515
0 0.8191299019607844 0.5885 0.018243464052287522 0.1124594594594595
