2 0.48400161030595823 0.5416533333333333 0.04579710144927536 0.12330666666666669
2 0.1405756843800322 0.7682666666666667 0.2811513687600644 0.45813333333333334
2 0.2628462157809984 0.7492266666666667 0.21902576489533013 0.46112000000000003
2 0.14505636070853464 0.6947866666666666 0.17561996779388087 0.3375733333333333
2 0.21285426731078905 0.6236266666666666 0.14033011272141707 0.23989333333333326
2 0.31303140096618354 0.5589466666666667 0.09764090177133658 0.1454666666666666
2 0.33543075684380036 0.54084 0.08994363929146536 0.13917333333333332
2 0.3673228663446055 0.5268133333333334 0.06450080515297903 0.09117333333333333
2 0.4393357487922705 0.5256133333333333 0.037109500805153 0.08765333333333335
2 0.39721417069243153 0.5042 0.0596940418679549 0.0762933333333333
2 0.8536231884057971 0.7496133333333334 0.29114331723027376 0.49543999999999994
2 0.5594565217391304 0.5482266666666666 0.05363123993558777 0.13250666666666666
3 0.5496417069243156 0.45158666666666664 0.059331723027375244 0.23117333333333331
0 0.607487922705314 0.5087733333333333 0.011272141706924315 0.13018666666666664
2 0.0890901771336554 0.56432 0.11917874396135264 0.13456
2 0.48826086956521736 0.51312 0.028969404186795507 0.08757333333333334
2 0.24975845410628023 0.5156000000000001 0.048743961352657024 0.07957333333333334
