2 0.955938003220612 0.75068 0.08651368760064417 0.49330666666666667
2 0.24254428341384865 0.7666799999999999 0.2434299516908213 0.44605333333333325
0 0.6727133655394525 0.5220533333333333 0.021207729468598967 0.18725333333333333
2 0.6788204508856683 0.6096933333333333 0.1029549114331723 0.23421333333333336
2 0.6393196457326893 0.565 0.07231078904991953 0.15890666666666659
2 0.4212640901771337 0.5783866666666667 0.06900161030595808 0.16151999999999997
2 0.44692431561996776 0.5534533333333334 0.04784219001610303 0.11965333333333326
2 0.6127294685990338 0.5483333333333333 0.05085346215781005 0.12258666666666673
2 0.468707729468599 0.5326533333333333 0.03754428341384863 0.1066933333333333
2 0.5007487922705315 0.5223599999999999 0.036328502415458944 0.08226666666666665
2 0.5671256038647343 0.5113066666666667 0.03843800322061192 0.062240000000000004
