2 0.5381803542673107 0.7230399999999999 0.15863123993558775 0.4956266666666666
2 0.9683454106280193 0.7358666666666666 0.061698872785829396 0.5229333333333333
2 0.6289210950080515 0.5299333333333333 0.09900161030595817 0.15218666666666664
2 0.5843679549114332 0.5108266666666667 0.05947665056360709 0.0957866666666667
2 0.5648590982286635 0.5037066666666666 0.05364734299516908 0.07237333333333337
2 0.4065136876006441 0.5172666666666668 0.03404186795491141 0.07325333333333332
2 0.10865539452495976 0.61768 0.1531400966183575 0.19866666666666666
2 0.46880837359098226 0.48932 0.02231884057971017 0.045893333333333355
2 0.3133212560386473 0.5335866666666667 0.05889694041867958 0.09469333333333331
2 0.3439533011272142 0.5146533333333333 0.03995169082125604 0.09613333333333336
2 0.3858816425120773 0.5039866666666667 0.035112721417069254 0.06477333333333331
2 0.43046296296296294 0.49665333333333334 0.03210144927536232 0.04616000000000001
2 0.21989533011272142 0.5291733333333333 0.06254428341384861 0.09733333333333333
2 0.2106924315619968 0.5159333333333334 0.06624798711755234 0.07197333333333336
