1 0.2553301127214171 0.7211733333333333 0.09209339774557165 0.4447999999999999
2 0.9289371980676329 0.7547866666666667 0.14051529790660225 0.4850933333333333
2 0.8861030595813204 0.68204 0.22618357487922702 0.5508000000000001
2 0.20480676328502415 0.5932533333333333 0.20813204508856684 0.21551999999999996
2 0.2632165861513687 0.5784133333333333 0.1602818035426731 0.17986666666666662
2 0.3057568438003221 0.54684 0.0966022544283414 0.13794666666666672
2 0.551670692431562 0.5506133333333334 0.06277777777777771 0.14992
2 0.36101046698872785 0.5225333333333333 0.07466183574879229 0.09616000000000001
2 0.5188969404186796 0.5019466666666667 0.02956521739130437 0.08240000000000001
2 0.49649355877616747 0.46206666666666657 0.01474235104669883 0.057733333333333345
