2 0.9947866344605476 0.5462533333333333 0.008816425120772983 0.4635466666666666
2 0.1328341384863124 0.7576 0.2656682769726248 0.4794666666666667
2 0.28322866344605474 0.6515866666666665 0.16568438003220615 0.31527999999999995
2 0.9088607085346214 0.5117466666666667 0.11865539452495984 0.23864000000000002
2 0.7981521739130434 0.52808 0.10710950080515295 0.18938666666666662
2 0.7424637681159421 0.5188266666666667 0.08993558776167475 0.1650666666666666
2 0.7198671497584541 0.5147733333333334 0.08892914653784213 0.13957333333333333
2 0.6952979066022544 0.5086133333333333 0.08561996779388087 0.12981333333333334
2 0.6788848631239935 0.50968 0.0855475040257649 0.10741333333333333
2 0.5857125603864733 0.5608 0.0729227053140097 0.19125333333333333
2 0.5651650563607085 0.54464 0.049299516908212486 0.12021333333333337
2 0.3955555555555556 0.5438933333333332 0.06450885668276973 0.14837333333333336
2 0.4175402576489533 0.5135333333333333 0.052745571658615174 0.14717333333333332
2 0.6155354267310789 0.48758666666666667 0.0631803542673108 0.09202666666666665
3 0.5130595813204509 0.4520933333333333 0.04457326892109502 0.15170666666666663
