2 0.5360829307568439 0.6895466666666666 0.14603059581320452 0.4563733333333333
2 0.9260507246376811 0.7219466666666667 0.14628824476650568 0.5507733333333333
2 0.6227173913043478 0.5214533333333333 0.09585346215781004 0.14536000000000004
2 0.5808937198067633 0.50484 0.05776167471819647 0.09282666666666667
2 0.5636634460547504 0.4970799999999999 0.05280193236714979 0.07058666666666666
2 0.4679347826086956 0.48644000000000004 0.019412238325281814 0.043706666666666706
2 0.12824476650563607 0.60668 0.14185185185185187 0.18482666666666675
2 0.3173228663446055 0.5273066666666667 0.05670692431561997 0.09173333333333335
2 0.3464090177133655 0.5072533333333333 0.03948470209339772 0.09408
2 0.3869887278582931 0.49835999999999997 0.03429951690821258 0.06343999999999998
2 0.42998389694041866 0.4909733333333333 0.03115942028985502 0.04578666666666663
2 0.2259903381642512 0.52064 0.06101449275362319 0.09445333333333329
2 0.2167471819645733 0.51044 0.0642512077294686 0.06983999999999999
