2 0.8679106280193236 0.7590533333333332 0.2625684380032206 0.47656
2 0.2699597423510467 0.5541066666666667 0.10832528180354269 0.14325333333333332
0 0.34062399355877615 0.5358 0.017173913043478293 0.17111999999999997
1 0.8199557165861514 0.5578266666666667 0.0996698872785829 0.23144000000000003
2 0.5217270531400966 0.5001333333333333 0.07303542673107893 0.0935466666666667
2 0.7050966183574879 0.48816 0.08120772946859904 0.07898666666666668
2 0.9219082125603865 0.4710666666666667 0.08911433172302724 0.10554666666666662
2 0.4573550724637681 0.5074666666666667 0.05694847020933979 0.07808
2 0.22411030595813206 0.5228666666666666 0.07260064412238326 0.08834666666666666
2 0.4678099838969404 0.48991999999999997 0.02017713365539448 0.04512000000000004
2 0.4375322061191626 0.4943999999999999 0.023776167471819622 0.046720000000000025
