1 0.6892687908496732 0.5387837837837838 0.05901143790849675 0.2952432432432433
0 0.7461478758169936 0.6255405405405405 0.0656290849673203 0.5388108108108108
0 0.7350408496732027 0.49167567567567577 0.025081699346405174 0.1593513513513514
0 0.5464011437908497 0.566445945945946 0.04139705882352938 0.29029729729729736
0 0.5009558823529413 0.5536621621621622 0.04357843137254905 0.2797567567567568
0 0.5032230392156862 0.5493243243243243 0.043848039215686245 0.3121621621621622
0 0.7424591503267974 0.5081621621621621 0.04084967320261438 0.18929729729729727
0 0.9102941176470589 0.5132972972972973 0.0196078431372549 0.21254054054054058
0 0.9466094771241831 0.5073783783783784 0.024509803921568627 0.24324324324324326
0 0.9159477124183006 0.5153108108108109 0.021241830065359478 0.19916216216216218
2 0.5035294117647059 0.4590000000000001 0.014656862745097992 0.05405405405405406
