2 0.4993961352657005 0.5373066666666667 0.04293075684380027 0.13445333333333329
2 0.05526570048309179 0.7733866666666666 0.11053140096618358 0.40917333333333333
2 0.8836553945249598 0.7192533333333334 0.23107890499194847 0.55616
2 0.6782286634460547 0.5928399999999999 0.15650563607085347 0.24952000000000005
2 0.6500603864734299 0.5581066666666666 0.12192431561996785 0.19135999999999997
2 0.6292471819645733 0.5329466666666667 0.09815619967793879 0.16536000000000003
2 0.5837157809983896 0.5024133333333333 0.08725442834138486 0.14392
2 0.5639734299516909 0.5094533333333333 0.06543478260869563 0.08818666666666672
2 0.5425322061191626 0.4938133333333333 0.043518518518518574 0.059093333333333324
2 0.30036634460547507 0.52212 0.056256038647343 0.1042933333333333
2 0.42354267310789045 0.4779466666666667 0.032995169082125575 0.09946666666666662
2 0.33289855072463764 0.5207733333333334 0.041561996779388086 0.08362666666666663
2 0.358731884057971 0.51804 0.0320048309178744 0.05906666666666668
2 0.3961674718196457 0.5012666666666667 0.026908212560386485 0.04642666666666666
2 0.2806078904991948 0.51884 0.033856682769726254 0.07197333333333336
2 0.0422866344605475 0.5282133333333333 0.03552334943639291 0.08416
