2 0.4957655116841257 0.5496010638297871 0.0604593070104754 0.18175531914893617
2 0.05872683319903303 0.6867952127659575 0.11745366639806606 0.3483776595744681
2 0.1507695406929895 0.7394414893617021 0.301539081385979 0.5157978723404255
2 0.2273005640612409 0.5751994680851064 0.10420628525382757 0.16289893617021275
2 0.34761885576148266 0.569281914893617 0.08402095084609185 0.18558510638297873
2 0.3948025785656728 0.5299335106382979 0.04248186946011279 0.09550531914893616
2 0.4193875906526994 0.5169547872340425 0.0334407735697019 0.07757978723404259
2 0.21334810636583398 0.5503590425531915 0.0836341659951652 0.11917553191489362
2 0.2643634165995165 0.533125 0.05265914585012089 0.09140957446808504
2 0.3536220789685737 0.4965159574468085 0.030161160354552786 0.07111702127659576
