2 0.3127737520128825 0.6112533333333334 0.10878421900161027 0.2170133333333334
2 0.8701127214170693 0.7434666666666667 0.25816425120772946 0.5077333333333334
2 0.7214090177133655 0.6641866666666666 0.1671175523349436 0.33888
2 0.3665579710144927 0.5668133333333333 0.07319645732689213 0.14749333333333334
2 0.6385628019323671 0.5839866666666667 0.09041062801932365 0.2048266666666666
2 0.3942995169082125 0.5492533333333333 0.0575040257648953 0.11296000000000003
2 0.6020450885668277 0.5551333333333334 0.06731078904991941 0.1529333333333333
2 0.44188405797101443 0.5128933333333333 0.028276972624798714 0.06941333333333334
2 0.5829025764895329 0.5388933333333332 0.04698067632850243 0.11975999999999999
2 0.5742028985507246 0.5240666666666666 0.03645732689210948 0.09810666666666665
