0 0.8222657512116317 0.6594117647058824 0.09627625201938607 0.6758288770053476
0 0.8661995153473345 0.5945187165775401 0.07018578352180928 0.6178609625668449
0 0.09205977382875606 0.8483957219251337 0.15479806138933763 0.29786096256684486
0 0.2984491114701131 0.7051737967914439 0.07886914378029078 0.2891176470588236
0 0.15099757673667205 0.837326203208556 0.1468901453957997 0.32
0 0.4223222940226172 0.5614171122994652 0.024999999999999946 0.2589304812834224
0 0.39888126009693053 0.5621390374331551 0.029216478190630016 0.24625668449197866
0 0.48726978998384496 0.5266978609625669 0.022649434571890118 0.19606951871657757
0 0.5017932148626818 0.4980882352941176 0.014168012924071055 0.14377005347593577
0 0.5283562197092084 0.526216577540107 0.01958804523424879 0.18933155080213904
0 0.5840266558966075 0.4980347593582887 0.01525848142164781 0.16403743315508018
2 0.45796849757673663 0.48184491978609617 0.025694668820678564 0.06609625668449197
0 0.39390549273021 0.5304812834224599 0.015242326332794789 0.19005347593582883
0 0.5552988691437803 0.5188101604278075 0.014507269789983875 0.16756684491978613
