2 0.4858977455716586 0.5477333333333333 0.04630434782608695 0.12533333333333332
2 0.09000805152979066 0.7298933333333333 0.18001610305958132 0.53488
2 0.30259259259259264 0.57528 0.12455716586151368 0.17311999999999997
2 0.3394283413848631 0.5633466666666667 0.10086956521739128 0.13784
2 0.4342391304347826 0.54196 0.04604669887278578 0.10024000000000001
2 0.6182850241545893 0.5276799999999999 0.13367149758454105 0.39152000000000003
2 0.5652455716586152 0.5505866666666667 0.06012077294685987 0.1396266666666667
2 0.5173148148148148 0.5068799999999999 0.02102254428341377 0.05434666666666673
2 0.17749597423510466 0.5861733333333333 0.11040257648953301 0.16834666666666664
2 0.24510869565217389 0.5258 0.10171497584541062 0.20157333333333333
2 0.48998389694041866 0.5222533333333333 0.03149758454106281 0.09522666666666661
2 0.13738325281803543 0.5426533333333333 0.07811594202898549 0.11298666666666668
1 0.06762882447665057 0.5479999999999999 0.041328502415458934 0.12117333333333333
