2 0.489951690821256 0.51032 0.018969404186795446 0.05978666666666671
2 0.8223027375201288 0.76612 0.3537842190016103 0.46242666666666665
2 0.6609702093397746 0.6585733333333333 0.1514573268921095 0.33512000000000003
2 0.4545571658615136 0.5166533333333333 0.0216908212560386 0.05997333333333336
2 0.5781078904991949 0.56484 0.05821256038647339 0.15197333333333335
2 0.5570330112721418 0.5418000000000001 0.050120772946859904 0.13543999999999998
2 0.5321658615136876 0.5095333333333333 0.02985507246376815 0.07869333333333338
2 0.3705756843800322 0.51632 0.041441223832528205 0.051893333333333354
2 0.31552334943639293 0.5210533333333334 0.04660225442834138 0.05416000000000001
0 0.5887721417069243 0.5108933333333333 0.013373590982286554 0.12616
