2 0.9701288244766506 0.55648 0.05813204508856686 0.3305600000000001
2 0.9200523349436392 0.5485333333333333 0.1582850241545893 0.2789333333333333
2 0.8459943639291466 0.5393066666666667 0.15081320450885674 0.20506666666666667
2 0.7860789049919484 0.5305733333333332 0.11515297906602252 0.16840000000000002
2 0.840438808373591 0.7378 0.317512077294686 0.5190666666666667
2 0.6794444444444444 0.6436133333333334 0.13879227053140097 0.29304
2 0.2885909822866345 0.6820266666666667 0.1902737520128824 0.38688
2 0.3686231884057971 0.56608 0.11642512077294688 0.28869333333333336
2 0.7469283413848631 0.5175733333333333 0.09759259259259254 0.14101333333333332
2 0.6893599033816424 0.49522666666666665 0.10166666666666674 0.14197333333333334
2 0.6892431561996779 0.4868133333333333 0.12487922705314011 0.1406133333333333
2 0.4117351046698873 0.5591866666666666 0.0636634460547504 0.17016
2 0.4319243156199678 0.53872 0.05433172302737526 0.12720000000000004
3 0.5337882447665057 0.45576000000000005 0.057930756843800356 0.2032533333333333
