2 0.05623993558776167 0.6772266666666666 0.11247987117552334 0.6402133333333333
2 0.8295370370370371 0.7662 0.33931561996779386 0.46226666666666666
2 0.38129227053140097 0.5511733333333333 0.054645732689210955 0.14133333333333334
2 0.15435990338164252 0.7501333333333333 0.30556360708534624 0.4944
2 0.6645571658615137 0.6499066666666666 0.145475040257649 0.32680000000000003
2 0.5823913043478262 0.5740133333333333 0.07570048309178742 0.18216
2 0.5482769726247987 0.55236 0.056119162640901714 0.1428533333333333
2 0.5301086956521739 0.53564 0.04372785829307564 0.1047733333333333
2 0.41287439613526566 0.5155733333333333 0.029082125603864736 0.07333333333333333
2 0.6285346215780998 0.4913866666666667 0.05289855072463772 0.08666666666666667
