2 0.8203140096618357 0.7329333333333333 0.3429629629629629 0.5288
2 0.09322061191626409 0.72952 0.18644122383252817 0.4937599999999999
2 0.10463365539452497 0.6389066666666666 0.20926731078904995 0.43834666666666655
2 0.15931159420289853 0.6234533333333333 0.2040660225442834 0.25101333333333337
2 0.2601972624798712 0.5996933333333334 0.16272946859903384 0.2017866666666667
2 0.3007971014492754 0.5775066666666666 0.14175523349436392 0.18573333333333328
2 0.31335346215780996 0.5656933333333333 0.1079790660225443 0.17320000000000005
2 0.3273470209339775 0.5443733333333333 0.12867149758454108 0.15525333333333333
2 0.35551529790660225 0.5317066666666667 0.0886634460547504 0.11520000000000004
2 0.38591384863124 0.5054 0.0749033816425121 0.11522666666666669
1 0.4646859903381643 0.5009733333333334 0.0067471819645732655 0.057306666666666686
2 0.5785104669887279 0.5680133333333333 0.059275362318840584 0.1537866666666667
2 0.6451972624798712 0.5283333333333333 0.10300322061191622 0.1385333333333333
2 0.5832608695652175 0.5014266666666667 0.06004830917874399 0.08893333333333331
2 0.5213446054750402 0.50212 0.0213365539452496 0.05368000000000006
