0 0.4955169628432957 0.5238235294117647 0.016348949919224563 0.15401069518716576
0 0.5064256865912762 0.5270320855614973 0.02188206785137321 0.17288770053475933
0 0.04260500807754443 0.7155748663101604 0.08521001615508886 0.5635026737967914
0 0.08121163166397415 0.6434358288770053 0.05046849757673668 0.3493315508021391
0 0.16956785137318256 0.676216577540107 0.05839256865912762 0.4696524064171123
0 0.6757390953150243 0.626951871657754 0.06230210016155089 0.44598930481283416
0 0.8739256865912763 0.6749064171122995 0.10654281098546031 0.6448395721925133
0 0.30802907915993544 0.5449732620320855 0.031453957996768984 0.17411764705882354
0 0.4293012924071083 0.5300401069518716 0.01815024232633282 0.17526737967914433
2 0.3438651050080776 0.5435695187165775 0.11008885298869146 0.2809358288770054
2 0.39345315024232635 0.5158957219251337 0.062092084006461996 0.19270053475935825
