2 0.4789806607574536 0.5153191489361701 0.027018533440773547 0.08127659574468085
2 0.06398066075745366 0.4986702127659574 0.12796132151490733 0.9973404255319148
2 0.05892022562449638 0.6786170212765958 0.11784045124899276 0.3254787234042554
2 0.17234488315874294 0.5974867021276596 0.14362610797743755 0.2300797872340426
2 0.3207655116841257 0.6118218085106383 0.10754230459307013 0.21992021276595744
2 0.2807896857373086 0.5609840425531915 0.07134568896051573 0.11234042553191491
2 0.3856647864625302 0.5472074468085106 0.050926672038678476 0.11484042553191491
2 0.3432393231265109 0.5311569148936169 0.041772763900080556 0.0959840425531915
2 0.4068049959709911 0.5276595744680851 0.03526994359387594 0.08191489361702131
2 0.25815471394037065 0.5218617021276596 0.06544721998388399 0.12840425531914892
