2 0.8394927536231884 0.7442533333333334 0.31940418679549115 0.5061599999999999
2 0.015410628019323672 0.59156 0.030821256038647344 0.17357333333333333
2 0.7299516908212561 0.5800799999999999 0.12342995169082122 0.36912
2 0.47720611916264094 0.49692 0.038244766505636074 0.13501333333333332
2 0.749500805152979 0.45232 0.17133655394524955 0.21333333333333332
2 0.34240338164251205 0.5246266666666667 0.051392914653784205 0.10247999999999993
2 0.28146135265700484 0.5069333333333333 0.0624074074074074 0.1405333333333333
2 0.41855072463768117 0.4896266666666667 0.029001610305958162 0.0788266666666666
2 0.5967512077294685 0.496 0.05292270531400967 0.09914666666666669
2 0.5267190016103059 0.44389333333333336 0.026642512077294712 0.09434666666666665
2 0.6357045088566828 0.4959466666666667 0.055257648953301125 0.10543999999999998
2 0.9396135265700483 0.4312399999999999 0.11916264090177134 0.16642666666666664
3 0.49293075684380033 0.42971999999999994 0.026763285024154596 0.13159999999999997
2 0.1738486312399356 0.5321733333333333 0.07874396135265699 0.10621333333333328
2 0.08660628019323671 0.53864 0.07152173913043477 0.09621333333333336
