2 0.49684782608695655 0.5213599999999999 0.035096618357487945 0.10991999999999999
2 0.9200322061191625 0.7189466666666667 0.15832528180354274 0.5567733333333333
2 0.7693639291465378 0.6761066666666667 0.21201288244766509 0.40575999999999995
2 0.6838003220611916 0.5980533333333332 0.1584702093397746 0.29791999999999996
2 0.6503824476650564 0.565 0.13643317230273755 0.20567999999999997
2 0.6220330112721417 0.53864 0.11459742351046702 0.1778666666666667
2 0.5938486312399356 0.5199333333333332 0.08561996779388087 0.11
2 0.40993961352657005 0.5134933333333334 0.02554750402576491 0.06090666666666667
2 0.5639855072463769 0.5017733333333333 0.06231884057971013 0.08098666666666668
2 0.5465096618357489 0.4965466666666666 0.050845410628019304 0.06391999999999999
2 0.5356199677938809 0.4822666666666666 0.0423188405797101 0.06421333333333329
2 0.3928864734299517 0.4942133333333333 0.022858293075684415 0.05205333333333336
2 0.37124798711755236 0.49232 0.015104669887278621 0.04005333333333328
