2 0.5077455716586151 0.5757733333333332 0.06896940418679556 0.21581333333333336
2 0.7937600644122383 0.6292266666666667 0.23529790660225444 0.5895466666666666
2 0.6514734299516908 0.5600533333333333 0.13267310789049916 0.20927999999999997
2 0.5783091787439614 0.50188 0.06724637681159419 0.09469333333333338
2 0.554512882447665 0.49546666666666667 0.0443397745571659 0.06863999999999995
2 0.5461553945249598 0.4900399999999999 0.04202093397745567 0.054853333333333386
2 0.07510869565217392 0.6038399999999999 0.15021739130434783 0.26256
2 0.18845410628019324 0.5649466666666666 0.10658615136876005 0.16850666666666667
2 0.2704710144927536 0.5491733333333333 0.06649758454106283 0.104
2 0.3595088566827697 0.5110533333333332 0.03927536231884056 0.0675466666666667
2 0.37673510466988724 0.499 0.02886473429951688 0.07250666666666666
2 0.4037399355877617 0.49271999999999994 0.026996779388083758 0.051626666666666626
2 0.4365740740740741 0.48813333333333336 0.025982286634460533 0.03882666666666667
2 0.9620048309178744 0.5488666666666666 0.07438003220611925 0.11405333333333335
2 0.11337761674718196 0.5505733333333334 0.08181159420289855 0.13319999999999996
