2 0.09867954911433173 0.7716000000000001 0.19735909822866346 0.4514666666666667
2 0.588756038647343 0.5730133333333333 0.08313204508856682 0.20298666666666668
2 0.1996256038647343 0.5656933333333333 0.13662640901771334 0.16397333333333336
2 0.6990257648953302 0.6841466666666667 0.17383252818035425 0.38029333333333337
2 0.5641988727858294 0.54192 0.05226247987117559 0.14432
2 0.3740942028985507 0.5482533333333333 0.05884863123993561 0.1336266666666667
2 0.397061191626409 0.5227733333333333 0.04508856682769726 0.12469333333333331
2 0.8393276972624798 0.7592666666666668 0.31973429951690824 0.47613333333333335
2 0.4171940418679549 0.5159733333333334 0.035048309178743936 0.10042666666666665
2 0.5279146537842191 0.46524 0.036392914653784164 0.12951999999999997
2 0.43928743961352656 0.4959333333333333 0.018172302737520168 0.03880000000000003
