2 0.200414653784219 0.7326266666666666 0.32382447665056363 0.5294133333333333
2 0.826280193236715 0.6903733333333333 0.345829307568438 0.61392
2 0.34687600644122385 0.6274933333333333 0.14797101449275366 0.30037333333333327
2 0.5566626409017713 0.5246 0.05165056360708542 0.12616
2 0.6730998389694042 0.66112 0.18107890499194854 0.3789333333333334
0 0.31250805152979066 0.56456 0.02126409017713363 0.25295999999999996
0 0.3278502415458937 0.54284 0.014830917874396101 0.20541333333333334
2 0.4525442834138486 0.49845333333333336 0.028067632850241556 0.0850133333333334
2 0.5347785829307568 0.499 0.03250402576489533 0.08749333333333334
0 0.3329991948470209 0.5474533333333333 0.012278582930756845 0.2093066666666666
2 0.5205676328502417 0.4796266666666667 0.020475040257648913 0.06794666666666664
