2 0.9466462418300655 0.5664054054054054 0.10507352941176462 0.13854054054054052
2 0.8943750000000001 0.562972972972973 0.1016584967320262 0.13178378378378383
2 0.8258374183006536 0.5621081081081082 0.09466503267973857 0.14194594594594598
2 0.5061601307189543 0.507527027027027 0.027843137254901996 0.08197297297297293
1 0.4095669934640523 0.5380540540540542 0.03625816993464052 0.17956756756756756
1 0.43871323529411765 0.5247972972972974 0.03977941176470593 0.179
1 0.40916258169934644 0.5001756756756757 0.014779411764705909 0.08959459459459454
0 0.15669526143790852 0.46654054054054056 0.01252450980392158 0.12800000000000003
0 0.1412173202614379 0.516472972972973 0.032124183006535946 0.21662162162162157
1 0.8599101307189543 0.6239324324324326 0.15158496732026142 0.5163513513513514
0 0.21463235294117647 0.4929189189189189 0.017352941176470574 0.14508108108108111
0 0.18531454248366014 0.48456756756756764 0.016936274509803912 0.1469189189189189
0 0.4870261437908497 0.6003513513513514 0.041307189542483615 0.3621621621621622
0 0.5178921568627451 0.5796486486486486 0.041519607843137206 0.3420540540540541
0 0.5590196078431373 0.6006351351351352 0.05026143790849672 0.3957567567567567
0 0.9622671568627452 0.6934189189189189 0.07383169934640514 0.6077567567567568
0 0.9615849673202614 0.6706486486486487 0.07519607843137252 0.5288108108108109
0 0.746609477124183 0.6996081081081083 0.09967320261437909 0.5953783783783784
0 0.7530882352941176 0.6805810810810811 0.08781045751633988 0.555
0 0.7773733660130719 0.6604054054054055 0.06657679738562093 0.4652972972972973
0 0.5529166666666667 0.6246216216216216 0.05495098039215686 0.4296216216216216
