2 0.20049919484702092 0.7724533333333333 0.29650563607085345 0.44976
2 0.34454508856682764 0.66348 0.14065217391304347 0.3064266666666666
2 0.678647342995169 0.64132 0.12512077294685997 0.33885333333333323
2 0.4132367149758454 0.5573733333333333 0.057890499194847046 0.16578666666666664
2 0.42916666666666675 0.54208 0.05965378421900164 0.11834666666666666
2 0.5032528180354267 0.4707066666666666 0.052785829307568484 0.05874666666666667
2 0.6677858293075685 0.58372 0.09122383252818032 0.21773333333333342
2 0.7070169082125604 0.5379466666666667 0.08921900161030591 0.17802666666666672
2 0.6447906602254427 0.49670666666666663 0.09544283413848638 0.11863999999999994
2 0.8978663446054751 0.4995866666666666 0.0994685990338164 0.1373066666666667
2 0.8260789049919485 0.47798666666666667 0.08074074074074081 0.08882666666666666
