2 0.46381239935587765 0.5448533333333333 0.03929951690821261 0.1026133333333333
2 0.24687600644122384 0.61076 0.1439291465378422 0.19426666666666656
2 0.3014855072463768 0.5789733333333333 0.10372785829307572 0.17309333333333332
2 0.35844202898550726 0.5537066666666666 0.08240740740740743 0.11327999999999996
2 0.38112721417069245 0.54448 0.06320450885668277 0.0975466666666667
2 0.39610708534621575 0.5146799999999999 0.06475845410628016 0.10461333333333338
2 0.6668679549114331 0.7029733333333333 0.17317230273752007 0.39864
2 0.6071900161030596 0.6241466666666666 0.08695652173913043 0.2259466666666667
2 0.5691223832528179 0.5791466666666667 0.06755233494363927 0.16880000000000003
3 0.5394041867954912 0.46418666666666664 0.06425120772946866 0.27615999999999996
2 0.1577818035426731 0.56692 0.0866425120772947 0.11986666666666664
2 0.47842592592592587 0.5289866666666667 0.029557165861513624 0.08373333333333334
