2 0.49333333333333335 0.5454933333333333 0.04320450885668274 0.11717333333333332
2 0.098743961352657 0.7484666666666667 0.197487922705314 0.4977333333333333
2 0.2306964573268921 0.5716666666666667 0.23876811594202899 0.6062666666666667
2 0.32640499194847017 0.5792533333333333 0.1353381642512077 0.18112000000000003
2 0.38965780998389693 0.5280533333333333 0.08789855072463765 0.13306666666666667
2 0.42597423510466986 0.49694666666666665 0.05383252818035428 0.08781333333333335
2 0.5372463768115942 0.4845733333333333 0.03542673107890499 0.11085333333333332
2 0.490024154589372 0.51848 0.027375201288244767 0.08272000000000003
2 0.35822463768115936 0.5383733333333333 0.12817230273752012 0.19759999999999997
2 0.08724637681159421 0.6051466666666666 0.17449275362318842 0.27701333333333333
3 0.23506038647342994 0.46502666666666664 0.09793075684380032 0.19010666666666665
