1 0.04020833333333334 0.5072297297297298 0.018504901960784314 0.10559459459459467
0 0.27620506535947714 0.6170540540540541 0.03703431372549018 0.34864864864864864
0 0.22977124183006536 0.6076486486486486 0.0468464052287582 0.40140540540540537
0 0.3701266339869281 0.643972972972973 0.057459150326797374 0.4421081081081082
1 0.8985906862745099 0.5930270270270271 0.061397058823529485 0.28810810810810816
0 0.6309395424836601 0.5017027027027027 0.010620915032679739 0.11113513513513515
0 0.6438562091503268 0.5078513513513514 0.008986928104575164 0.09656756756756762
1 0.8491625816993464 0.5197837837837838 0.040874183006536016 0.11724324324324324
0 0.9698692810457515 0.508527027027027 0.01388888888888889 0.12062162162162161
0 0.9925040849673203 0.5226621621621622 0.013357843137254828 0.1222972972972973
