2 0.7104549114331723 0.58656 0.10073268921095009 0.3476799999999999
2 0.42242753623188406 0.6186133333333332 0.13255233494363933 0.22581333333333334
2 0.32597020933977455 0.5818800000000001 0.14485507246376814 0.27016
2 0.5958856682769725 0.53404 0.0593236714975845 0.14818666666666672
2 0.971256038647343 0.5936533333333334 0.055877616747182036 0.24373333333333333
2 0.7492069243156201 0.49784 0.045386473429951696 0.12133333333333333
2 0.7910869565217391 0.45919999999999994 0.053301127214170727 0.15072000000000002
3 0.7311553945249598 0.4316933333333333 0.049267310789049966 0.2084
2 0.18194444444444444 0.6109733333333334 0.1581400966183575 0.1906933333333333
2 0.0896256038647343 0.6067600000000001 0.12448470209339775 0.15309333333333333
