0 0.6622980613893377 0.6904411764705882 0.06629240710823914 0.5766577540106952
0 0.8122172859450728 0.5596256684491978 0.04952342487883688 0.4840641711229946
0 0.9180815831987077 0.575855614973262 0.03713247172859453 0.4561497326203209
0 0.1948788368336026 0.8021791443850267 0.10623586429725362 0.3902941176470588
0 0.2381502423263328 0.8009224598930481 0.0802584814216478 0.392807486631016
0 0.3258239095315024 0.6460160427807486 0.06006462035541197 0.21941176470588228
0 0.2541518578352181 0.7828208556149732 0.08405492730210017 0.36622994652406415
0 0.4154846526655897 0.5450401069518717 0.01767366720516958 0.201951871657754
0 0.39576332794830377 0.5461497326203208 0.01971728594507272 0.19090909090909092
0 0.46731421647819066 0.5321524064171123 0.01876413570274638 0.18243315508021388
0 0.4878634894991922 0.5057486631016043 0.014838449111470118 0.1374866310160428
0 0.5026696284329564 0.5296524064171122 0.015145395799676898 0.1748663101604278
0 0.5602705977382876 0.5015106951871657 0.015274636510500875 0.1538235294117647
2 0.4384046849757674 0.4849064171122995 0.024321486268174396 0.06237967914438506
0 0.3999192245557351 0.5284759358288769 0.03258481421647817 0.1750802139037433
0 0.5195799676898223 0.5219251336898395 0.014491114701130901 0.15802139037433152
