2 0.9733494363929147 0.6091866666666667 0.05169082125603868 0.4063733333333333
2 0.18976247987117553 0.6879199999999999 0.19656199677938807 0.3106133333333333
2 0.8400523349436393 0.744 0.3182850241545893 0.5066666666666666
2 0.6718478260869565 0.6382 0.14643317230273753 0.32898666666666665
2 0.29742753623188406 0.6051333333333333 0.09026570048309175 0.1910133333333333
2 0.5893760064412238 0.55644 0.06656199677938814 0.14759999999999998
2 0.36870772946859903 0.55624 0.0595088566827697 0.12
2 0.5652898550724637 0.5424533333333333 0.05178743961352661 0.11493333333333332
2 0.4112037037037037 0.5183466666666666 0.029315619967793857 0.0763733333333333
2 0.544061996779388 0.5173333333333333 0.03524154589371979 0.08741333333333326
2 0.4563848631239935 0.4895733333333333 0.03832528180354269 0.04538666666666662
