2 0.7325563607085347 0.6987199999999999 0.26018518518518524 0.5955733333333333
2 0.048252818035426734 0.7525466666666666 0.09650563607085347 0.4895733333333333
2 0.09291867954911433 0.7317066666666666 0.18583735909822865 0.44117333333333336
2 0.12022544283413848 0.6344666666666666 0.24045088566827696 0.31655999999999995
2 0.23364331723027376 0.5550933333333333 0.21171497584541066 0.27973333333333333
2 0.19161030595813203 0.59856 0.19581320450885667 0.2844266666666667
2 0.6255032206119162 0.59496 0.11145732689210955 0.24101333333333338
2 0.2602657004830918 0.5419333333333333 0.14500805152979068 0.23032
2 0.3006481481481481 0.56096 0.12467793880837356 0.17109333333333332
2 0.3098631239935588 0.5354266666666666 0.1311111111111111 0.16344000000000006
2 0.36106280193236717 0.50192 0.08942028985507247 0.10869333333333331
2 0.3814452495974235 0.4888799999999999 0.07148953301127212 0.11162666666666662
2 0.5434943639291465 0.5110133333333333 0.03782608695652175 0.09759999999999998
2 0.5847544283413848 0.5536266666666667 0.07047504025764893 0.17706666666666668
2 0.5285144927536232 0.48356 0.02770531400966181 0.0813066666666667
