2 0.4943961352657005 0.5482666666666667 0.044814814814814787 0.12176
2 0.0780072463768116 0.69144 0.1560144927536232 0.6117866666666666
2 0.1741304347826087 0.6880266666666666 0.19871175523349438 0.5456533333333333
2 0.3072584541062802 0.5902933333333333 0.12707729468599033 0.20437333333333338
2 0.3507165861513688 0.5519733333333333 0.11196457326892109 0.2026133333333333
2 0.38527375201288244 0.54872 0.08850241545893721 0.11525333333333333
2 0.42302737520128825 0.5119733333333334 0.0504669887278583 0.07008
2 0.5882367149758454 0.5221733333333333 0.08363929146537842 0.23890666666666666
2 0.5357246376811594 0.5150399999999999 0.02267310789049926 0.061919999999999996
2 0.48827294685990336 0.5181066666666666 0.028140096618357435 0.08330666666666668
2 0.28962560386473435 0.5283333333333333 0.07066827697262483 0.17186666666666664
