2 0.4692506043513296 0.5415425531914894 0.04373892022562447 0.1315957446808511
2 0.12531829170024175 0.7369281914893616 0.2506365834004835 0.5208244680851064
2 0.21583400483481063 0.5792553191489361 0.1191136180499597 0.21319148936170212
2 0.38466559226430297 0.5682712765957446 0.07516518936341657 0.18734042553191488
2 0.3211563255439162 0.538377659574468 0.053287671232876706 0.10425531914893614
2 0.18664383561643835 0.5550265957446808 0.0853102336825141 0.12670212765957442
2 0.41369057211925864 0.5295478723404256 0.03850120870265912 0.09367021276595744
2 0.43295326349717966 0.5149335106382978 0.02579371474617243 0.062207446808510675
2 0.4444762288477035 0.4815292553191489 0.017091055600322348 0.07082446808510637
2 0.28949637389202254 0.523563829787234 0.04531023368251411 0.08276595744680844
2 0.03199033037872683 0.6103590425531915 0.06398066075745366 0.20502659574468093
