2 0.49838969404186795 0.5268133333333334 0.048132045088566805 0.12957333333333335
2 0.22994766505636072 0.6705866666666667 0.2262721417069243 0.37151999999999996
2 0.3310547504025765 0.55048 0.10619967793880836 0.18373333333333333
2 0.3624677938808374 0.53544 0.09975040257648952 0.15072000000000002
2 0.3957045088566828 0.5055333333333333 0.07868760064412239 0.10221333333333336
2 0.43150161030595807 0.4662266666666666 0.06314814814814815 0.10989333333333336
2 0.8862238325281804 0.7561599999999999 0.22594202898550725 0.48234666666666665
2 0.7394484702093398 0.6607066666666666 0.18699677938808373 0.3309066666666667
2 0.6543276972624799 0.5546933333333333 0.11026570048309173 0.24858666666666665
0 0.5700000000000001 0.5054133333333333 0.015024154589371955 0.11365333333333334
2 0.6947061191626409 0.50712 0.10049114331723032 0.12736000000000006
2 0.09670289855072464 0.59748 0.19340579710144928 0.2590133333333333
2 0.4950805152979067 0.49026666666666663 0.02850241545893718 0.08613333333333337
2 0.19500805152979067 0.5544133333333333 0.1101449275362319 0.1890933333333334
2 0.25793075684380035 0.5353333333333333 0.08404186795491143 0.14341333333333325
2 0.8153824476650563 0.47821333333333327 0.15306763285024155 0.18842666666666666
