2 0.5010225442834139 0.5317866666666667 0.04579710144927536 0.14336000000000004
2 0.7547584541062802 0.6456533333333333 0.20193236714975843 0.3755733333333334
2 0.6897181964573269 0.5839466666666667 0.14954911433172302 0.25402666666666673
2 0.659573268921095 0.5382666666666667 0.11755233494363929 0.2064
2 0.5987318840579711 0.5029333333333333 0.10044283413848631 0.1686933333333333
2 0.5731320450885669 0.5071733333333334 0.07246376811594203 0.09898666666666668
2 0.5467109500805153 0.4878133333333333 0.04667471819645735 0.06335999999999997
2 0.27667471819645734 0.5260133333333333 0.0666022544283414 0.118
2 0.41132045088566827 0.47132 0.039098228663446054 0.11789333333333335
2 0.3166183574879227 0.5175066666666667 0.0475684380032206 0.09282666666666667
2 0.34803945249597423 0.5138799999999999 0.03599838969404185 0.06381333333333328
2 0.3922624798711755 0.49313333333333337 0.027842190016103094 0.04952000000000006
2 0.2606360708534622 0.51484 0.039597423510466995 0.0790666666666666
2 0.005921900161030596 0.5250133333333333 0.011843800322061192 0.09093333333333331
