2 0.9920048309178745 0.7572933333333334 0.014380032206119083 0.48008
2 0.1324476650563607 0.77292 0.2648953301127214 0.44882666666666665
2 0.24153381642512078 0.7582666666666668 0.2127133655394525 0.36512000000000006
2 0.6862198067632851 0.6869199999999999 0.19580515297906598 0.39096
2 0.7522946859903382 0.54116 0.167181964573269 0.16941333333333333
2 0.3872423510466989 0.5514 0.05965378421900159 0.13965333333333335
2 0.5652777777777778 0.5465333333333333 0.05442028985507249 0.1393066666666666
2 0.40198470209339776 0.5112133333333333 0.04970209339774559 0.15677333333333332
2 0.5480756843800322 0.5333066666666667 0.04755233494363934 0.11375999999999999
2 0.3009782608695652 0.4834133333333333 0.12144122383252821 0.1485333333333333
2 0.48905797101449283 0.4759466666666667 0.019790660225442867 0.06879999999999996
2 0.6227254428341384 0.45835999999999993 0.07912238325281802 0.10194666666666663
