2 0.039194847020933975 0.7864533333333333 0.07838969404186795 0.42175999999999997
2 0.29539452495974233 0.7130666666666666 0.16561996779388088 0.37642666666666674
2 0.12024959742351046 0.7482533333333333 0.24049919484702093 0.41613333333333336
1 0.8133695652173913 0.7374533333333334 0.17942834138486324 0.4673333333333334
1 0.9063446054750403 0.7554 0.18570048309178744 0.4838666666666666
2 0.41635265700483093 0.5705199999999999 0.04969404186795493 0.1416266666666667
2 0.4433454106280193 0.5442133333333333 0.02889694041867954 0.08650666666666666
2 0.4525845410628018 0.5110933333333334 0.024444444444444456 0.09290666666666668
2 0.5678743961352657 0.5484533333333333 0.08714975845410629 0.1137066666666667
2 0.5569404186795491 0.5371466666666667 0.07700483091787438 0.08986666666666664
2 0.5328582930756843 0.5270533333333333 0.057246376811594224 0.07922666666666668
2 0.4647584541062802 0.5068133333333333 0.017471819645732727 0.057733333333333345
2 0.38005233494363927 0.5870799999999999 0.08834943639291462 0.2561866666666666
