2 0.4949879129734085 0.5623271276595745 0.0673489121676068 0.20242021276595748
2 0.08098307816277195 0.6638829787234043 0.1619661563255439 0.30420212765957444
2 0.19676873489121674 0.701502659574468 0.2287671232876712 0.4263563829787234
2 0.3602538275584206 0.5606515957446808 0.06508460918614019 0.13874999999999996
2 0.29334004834810634 0.543843085106383 0.06933924254633361 0.1258244680851063
2 0.40104351329572924 0.5269547872340425 0.04605157131345687 0.10156914893617021
2 0.09161563255439162 0.583470744680851 0.15191780821917808 0.18077127659574468
2 0.19564867042707493 0.5450930851063829 0.0791941982272361 0.12125000000000001
2 0.33244560838033843 0.49847074468085106 0.03775181305398873 0.08470744680851063
2 0.5374174053182916 0.49985372340425527 0.01663980660757452 0.03917553191489359
