2 0.11236312399355879 0.7684666666666666 0.22472624798711757 0.42274666666666666
2 0.23804750402576488 0.6503066666666667 0.12767310789049918 0.24322666666666676
2 0.31238727858293075 0.5973066666666667 0.08369565217391303 0.16010666666666665
2 0.8305595813204509 0.4858 0.182938808373591 0.21688000000000002
2 0.7775684380032206 0.4744666666666667 0.11560386473429946 0.19256
2 0.7373913043478261 0.4746133333333334 0.11727858293075681 0.1662933333333333
2 0.6910990338164251 0.4844133333333333 0.10591787439613523 0.13671999999999995
2 0.36535829307568435 0.5586133333333334 0.05698067632850245 0.11290666666666667
2 0.5781481481481481 0.5397466666666666 0.06227053140096621 0.14498666666666668
2 0.5595330112721417 0.5238533333333333 0.04407407407407399 0.12109333333333332
