2 0.9334581320450885 0.77304 0.13147342995169078 0.44858666666666663
2 0.8716062801932368 0.6802533333333333 0.25517713365539446 0.63416
2 0.44947262479871175 0.51444 0.04450080515297905 0.1616266666666666
2 0.773305152979066 0.4676666666666667 0.20384057971014488 0.25592000000000004
2 0.2896417069243156 0.55008 0.06698067632850241 0.1252266666666666
2 0.2147423510466989 0.5294933333333334 0.08399355877616746 0.1712533333333333
2 0.3844444444444445 0.5021333333333333 0.03475040257648955 0.09109333333333332
2 0.5890700483091788 0.51624 0.06295491143317235 0.11605333333333329
2 0.4757648953301128 0.47603999999999996 0.027262479871175534 0.07885333333333339
2 0.5057165861513687 0.4488533333333333 0.028888888888888884 0.1024
2 0.6333494363929146 0.50624 0.06570048309178736 0.12250666666666665
2 0.9502616747181963 0.447 0.097866344605475 0.18845333333333336
3 0.47057971014492755 0.4352666666666667 0.029259259259259283 0.14392
2 0.08429951690821257 0.5660266666666667 0.10877616747181965 0.13365333333333335
2 0.01323268921095008 0.5686533333333333 0.02646537842190016 0.10893333333333331
