2 0.11456924315619967 0.7937866666666666 0.22913848631239933 0.4070933333333333
2 0.552194041867955 0.54164 0.04752818035426738 0.12488000000000003
2 0.2755032206119163 0.6840133333333333 0.15401771336553943 0.3135733333333333
2 0.7423228663446054 0.5249066666666666 0.16417874396135262 0.16026666666666664
2 0.7068438003220613 0.4948666666666666 0.13191626409017715 0.17698666666666668
2 0.3663888888888889 0.5459466666666667 0.046771336553945275 0.11295999999999996
2 0.2970450885668277 0.5960399999999999 0.08265700483091785 0.1637066666666667
2 0.6545450885668277 0.50252 0.0985909822866344 0.11730666666666668
2 0.39892109500805156 0.5324666666666666 0.031658615136876 0.07602666666666671
2 0.9406400966183576 0.43596 0.11710950080515302 0.1475466666666667
