2 0.48552737520128825 0.51196 0.02419484702093394 0.07624
2 0.8997584541062802 0.75844 0.19887278582930756 0.47778666666666664
2 0.7962117552334943 0.7403866666666666 0.30053945249597425 0.5138933333333333
0 0.625865539452496 0.5343066666666667 0.01905797101449272 0.17559999999999998
2 0.575938003220612 0.5531466666666667 0.06545088566827703 0.15919999999999995
2 0.5505716586151368 0.5365066666666667 0.042753623188405816 0.1252266666666666
2 0.5288727858293075 0.50228 0.025024154589371923 0.08098666666666668
2 0.28551127214170696 0.5806666666666667 0.0738244766505636 0.1368533333333333
2 0.3248671497584541 0.5511733333333333 0.05673913043478263 0.1172266666666666
2 0.3594726247987118 0.5288666666666666 0.042181964573268955 0.08888000000000003
