2 0.9468545751633988 0.5676351351351352 0.10465686274509797 0.13867567567567568
2 0.8943954248366014 0.5628783783783784 0.10196078431372564 0.13181081081081084
2 0.8257883986928105 0.5622972972972974 0.09469771241830072 0.142
2 0.5061928104575163 0.5073513513513513 0.027875816993464055 0.08194594594594594
0 0.1661642156862745 0.47547297297297303 0.014158496732026155 0.12786486486486487
0 0.22956290849673205 0.5008243243243243 0.016609477124182995 0.15748648648648653
1 0.4911233660130719 0.5155540540540541 0.033684640522875835 0.1891621621621622
0 0.20995098039215687 0.47951351351351357 0.015245098039215683 0.12518918918918925
0 0.3467075163398693 0.5618918918918918 0.035130718954248366 0.2753513513513513
0 0.3823243464052288 0.5593783783783784 0.0234232026143791 0.263027027027027
0 0.40488970588235296 0.5678783783783784 0.043848039215686245 0.2893783783783783
0 0.5632802287581699 0.608945945945946 0.03785130718954252 0.3987027027027027
0 0.5752532679738562 0.6003108108108108 0.029133986928104642 0.347864864864865
0 0.4110988562091503 0.6187432432432433 0.03785130718954252 0.37272972972972973
0 0.4491993464052288 0.5989054054054055 0.049019607843137254 0.35305405405405416
0 0.48013071895424836 0.594945945945946 0.04084967320261438 0.30816216216216213
0 0.3481454248366013 0.576472972972973 0.03758169934640523 0.30527027027027026
