2 0.5464101531023369 0.5212765957446809 0.03489927477840447 0.08680851063829784
2 0.5114182111200645 0.4938696808510638 0.01735697018533447 0.04619680851063831
2 0.3217123287671233 0.5915159574468085 0.10466559226430297 0.22638297872340435
2 0.1699033037872683 0.5905851063829787 0.13933924254633362 0.2063829787234043
2 0.27699435938759065 0.5298803191489362 0.06805801772763903 0.16034574468085103
2 0.40069701853344075 0.5320079787234043 0.04609991941982271 0.10215425531914893
2 0.33402497985495566 0.5144946808510638 0.05962127316680097 0.12287234042553195
2 0.4298227236099919 0.514375 0.030008058017727646 0.07284574468085103
2 0.4932715551974215 0.510625 0.02792908944399675 0.08651595744680851
2 0.37407735697018535 0.5125398936170212 0.03642224012892827 0.07343085106382982
2 0.4445447219983884 0.49757978723404245 0.015825946817082985 0.04680851063829786
2 0.38396051571313455 0.4970611702127659 0.030805801772763913 0.07986702127659574
