2 0.15427133655394523 0.49866666666666665 0.30854267310789046 0.9973333333333333
2 0.8010668276972625 0.6771999999999999 0.396256038647343 0.5322666666666667
2 0.3590499194847021 0.5842933333333333 0.16009661835748795 0.4269866666666667
0 0.9611674718196457 0.5308133333333334 0.02818035426731079 0.2689333333333333
0 0.8654106280193238 0.54356 0.034347826086956586 0.3048266666666667
0 0.6183212560386473 0.5117733333333334 0.01958937198067636 0.14888000000000004
2 0.5629508856682769 0.53328 0.048574879227053176 0.13306666666666667
2 0.5453220611916264 0.5238266666666667 0.04167471819645732 0.1225333333333333
0 0.4909661835748792 0.4789466666666667 0.00644122383252818 0.06520000000000005
0 0.4972222222222222 0.48189333333333334 0.005104669887278608 0.06330666666666669
2 0.45317230273752007 0.47744000000000003 0.01597423510466991 0.05562666666666662
