2 0.4943397745571659 0.5491866666666666 0.04270531400966181 0.1164533333333333
2 0.10598228663446055 0.7442 0.2119645732689211 0.5062666666666666
2 0.2864653784219001 0.61132 0.13816425120772943 0.22829333333333338
2 0.3403864734299517 0.5148666666666666 0.14747181964573272 0.30136
2 0.3735024154589372 0.5609466666666667 0.09838969404186794 0.12413333333333329
2 0.4369766505636071 0.49769333333333327 0.046127214170692404 0.07437333333333337
0 0.8945128824476651 0.7107466666666665 0.08830112721417056 0.5731733333333333
2 0.5318760064412238 0.49265333333333333 0.030241545893719853 0.09474666666666667
2 0.49051127214170687 0.5149199999999999 0.027318840579710103 0.0825333333333333
2 0.3931441223832528 0.5268666666666666 0.09562801932367149 0.14178666666666662
2 0.05325684380032206 0.5618933333333332 0.10651368760064411 0.14405333333333337
2 0.11327294685990336 0.61828 0.19057165861513686 0.2602933333333334
2 0.22878421900161028 0.5475866666666667 0.09531400966183572 0.16760000000000005
0 0.09782206119162641 0.5185866666666666 0.018784219001610303 0.16064000000000003
0 0.18537037037037035 0.5108799999999999 0.01570048309178744 0.09802666666666672
3 0.2824838969404187 0.45905333333333326 0.07277777777777782 0.15373333333333333
