2 0.7908856682769726 0.7491466666666666 0.32758454106280194 0.4963733333333333
2 0.597181964573269 0.5668 0.08293075684380032 0.22688000000000003
2 0.2355233494363929 0.5773733333333333 0.19708534621578103 0.22786666666666672
2 0.27902979066022543 0.5550266666666667 0.1498953301127214 0.19543999999999997
2 0.28504830917874396 0.5299866666666666 0.1188566827697262 0.20674666666666666
2 0.3499677938808373 0.5243466666666666 0.0928180354267311 0.11818666666666665
2 0.36862721417069244 0.5228133333333334 0.08603059581320448 0.11565333333333334
2 0.3678059581320451 0.5098933333333333 0.06950885668276977 0.1144533333333333
2 0.40316022544283414 0.4766933333333333 0.05812399355877621 0.09008
1 0.46750805152979064 0.47768 0.005225442834138494 0.04543999999999998
2 0.5455595813204509 0.5202133333333333 0.03776972624798709 0.0975466666666667
2 0.5128864734299516 0.4805333333333333 0.01759259259259252 0.04501333333333332
