2 0.5185547504025766 0.6225599999999999 0.09910628019323674 0.31002666666666656
2 0.787572463768116 0.6777733333333333 0.2201046698872785 0.45080000000000003
2 0.6034259259259258 0.517 0.08369565217391299 0.12333333333333332
2 0.5700442834138486 0.5041599999999999 0.05205314009661843 0.08319999999999997
2 0.5549033816425121 0.49628000000000005 0.048663446054750356 0.0644533333333333
2 0.063329307568438 0.6227066666666666 0.126658615136876 0.27101333333333333
2 0.1920571658615137 0.5817599999999999 0.10417874396135267 0.1479466666666667
2 0.33295088566827696 0.52332 0.04958937198067631 0.08184
2 0.3572584541062802 0.5076266666666667 0.034999999999999976 0.08570666666666671
2 0.39324476650563606 0.49809333333333333 0.03148148148148145 0.05901333333333332
2 0.43123590982286636 0.49248000000000003 0.02933172302737516 0.04325333333333333
2 0.2530193236714976 0.5173333333333333 0.053333333333333344 0.08410666666666672
