2 0.47607890499194844 0.5335466666666666 0.03919484702093394 0.10538666666666668
2 0.13642109500805152 0.6618533333333333 0.1793317230273752 0.31384000000000006
2 0.33767713365539453 0.6823866666666667 0.14557971014492754 0.3274933333333333
2 0.39408212560386474 0.6032933333333332 0.0875201288244766 0.21719999999999995
2 0.3113365539452496 0.5474933333333333 0.11315619967793877 0.16085333333333332
2 0.4165780998389694 0.4888666666666666 0.0457971014492754 0.0718666666666667
3 0.7010869565217391 0.4689466666666667 0.2742834138486312 0.8487199999999999
0 0.9054669887278582 0.7138266666666666 0.10305958132045089 0.5670133333333333
2 0.5442310789049919 0.54572 0.046272141706924244 0.12242666666666666
2 0.5249315619967794 0.5247066666666667 0.032439613526570016 0.08418666666666672
3 0.5143961352657005 0.46521333333333326 0.040805152979066076 0.16711999999999996
2 0.19699677938808371 0.52356 0.07011272141706923 0.09719999999999997
2 0.4682528180354267 0.5157066666666666 0.026988727858293152 0.08159999999999998
2 0.01570450885668277 0.5643466666666667 0.03140901771336554 0.1637866666666667
