2 0.1696135265700483 0.7439866666666667 0.3392270531400966 0.5066933333333333
2 0.8815901771336554 0.75432 0.23520933977455716 0.4860266666666666
2 0.6965780998389695 0.7542 0.2174557165861514 0.4862666666666666
2 0.32021739130434784 0.6989200000000001 0.14499194847020933 0.39352
2 0.3758735909822866 0.6151066666666667 0.09026570048309179 0.2226400000000001
2 0.6005394524959743 0.60404 0.09795491143317236 0.23816
2 0.5604911433172304 0.5717333333333332 0.06391304347826086 0.16624
2 0.4335829307568438 0.5414533333333333 0.03971014492753618 0.1082933333333333
2 0.45138486312399356 0.5156133333333334 0.033752012882447724 0.11069333333333338
2 0.4671135265700483 0.5141466666666666 0.030088566827697266 0.08994666666666663
