0 0.9101511437908498 0.6681081081081082 0.17170751633986917 0.6583783783783784
0 0.8767075163398692 0.6928783783783784 0.16374183006535944 0.6088378378378378
0 0.5186356209150327 0.6800540540540541 0.07709150326797387 0.6124864864864865
0 0.4346527777777778 0.6674324324324324 0.09046568627450982 0.6597297297297298
0 0.5646119281045752 0.6761081081081081 0.07915849673202613 0.5236216216216216
0 0.45746323529411764 0.4941216216216216 0.022017973856209096 0.20354054054054055
0 0.43854166666666666 0.5062432432432433 0.015678104575163443 0.1901621621621622
0 0.45741421568627455 0.46925675675675677 0.019191176470588243 0.16575675675675672
0 0.49359477124183004 0.47197297297297297 0.016977124183006516 0.15529729729729733
1 0.2795996732026144 0.4606216216216217 0.045718954248366 0.15783783783783786
1 0.4329207516339869 0.4437027027027028 0.02603758169934641 0.11135135135135141
