2 0.4810990338164252 0.5449999999999999 0.046159420289855105 0.12455999999999993
2 0.16140901771336555 0.7631066666666667 0.3228180354267311 0.4684533333333333
2 0.3011916264090177 0.6992 0.16879227053140095 0.36912
2 0.185805152979066 0.65784 0.15629629629629627 0.28207999999999994
2 0.23955716586151365 0.6037066666666666 0.12848631239935587 0.21120000000000003
2 0.3206682769726248 0.55328 0.09177133655394526 0.1346133333333333
2 0.3418236714975846 0.53716 0.08493558776167473 0.13032000000000002
2 0.3701851851851852 0.52476 0.06109500805152979 0.08680000000000003
2 0.4385668276972625 0.52392 0.03555555555555553 0.08341333333333334
2 0.39753623188405796 0.5034666666666667 0.05777777777777777 0.07354666666666669
2 0.8289130434782609 0.7452266666666666 0.3405636070853462 0.5042133333333334
2 0.551268115942029 0.5397733333333333 0.04960547504025766 0.12301333333333332
3 0.5429468599033817 0.44997333333333334 0.05652173913043482 0.21925333333333333
0 0.5998067632850241 0.5072666666666668 0.01288244766505636 0.12274666666666667
2 0.11139694041867954 0.5562133333333332 0.1078341384863124 0.12490666666666667
2 0.4855233494363929 0.5140666666666667 0.029098228663446045 0.08797333333333335
2 0.25710547504025766 0.5123866666666665 0.04583735909822867 0.07613333333333329
