2 0.5055756843800322 0.5551733333333333 0.05097423510466993 0.13797333333333336
2 0.06485104669887279 0.7370666666666665 0.12970209339774558 0.5205333333333333
2 0.166231884057971 0.7157066666666666 0.2734782608695652 0.45744
2 0.3392954911433172 0.5862933333333333 0.12377616747181962 0.21829333333333337
2 0.35288244766505633 0.5508266666666667 0.09911433172302735 0.16719999999999996
2 0.4131723027375201 0.5197733333333334 0.0768760064412238 0.1006133333333333
2 0.46174315619967793 0.46513333333333334 0.04433977455716581 0.07325333333333332
2 0.7424114331723027 0.6838266666666667 0.1937278582930758 0.3431733333333332
2 0.6379186795491143 0.5646133333333334 0.09540257648953301 0.21279999999999993
0 0.5842753623188406 0.5598533333333333 0.024154589371980676 0.1663733333333333
2 0.5785265700483092 0.5264933333333334 0.042222222222222265 0.09613333333333336
2 0.5696537842190016 0.5088933333333333 0.03925925925925925 0.10183999999999999
2 0.5029106280193236 0.5097466666666667 0.03036231884057974 0.0906933333333333
2 0.07802334943639291 0.5180666666666667 0.13789855072463766 0.15703999999999996
2 0.6929066022544283 0.48366666666666663 0.08454106280193237 0.10957333333333326
