2 0.4504593070104754 0.5106515957446808 0.017437550362610785 0.04827127659574469
2 0.03892425463336019 0.7576462765957447 0.07784850926672038 0.47938829787234044
2 0.5347622884770347 0.5913164893617021 0.08799355358581792 0.21896276595744685
2 0.19922240128928284 0.6496675531914894 0.15090249798549557 0.26672872340425535
2 0.11895245769540692 0.5674202127659574 0.15452054794520548 0.2440425531914894
2 0.28817888799355357 0.5851994680851064 0.08064464141821115 0.16412234042553187
2 0.4253344077356969 0.5414760638297872 0.03840451248992745 0.11896276595744686
2 0.3201289282836422 0.5470744680851063 0.05410153102336828 0.11313829787234041
2 0.24567284448025783 0.5486436170212766 0.06568896051571312 0.11308510638297875
2 0.35373086220789685 0.5266356382978723 0.031603545527800134 0.07539893617021275
2 0.27765108783239323 0.5143484042553191 0.04929089443996773 0.11178191489361702
2 0.3643714746172441 0.5170478723404255 0.02473005640612409 0.061170212765957445
2 0.37979452054794516 0.4933244680851064 0.019943593875906527 0.08164893617021281
