2 0.49519323671497584 0.5288533333333333 0.03645732689210948 0.11424000000000001
2 0.928743961352657 0.7473866666666666 0.14090177133655393 0.49989333333333336
2 0.8146859903381641 0.7000133333333333 0.25267310789049924 0.53832
2 0.7248872785829307 0.62368 0.1642834138486313 0.29989333333333335
2 0.6672866344605475 0.5788 0.14478260869565213 0.20981333333333327
2 0.4106119162640902 0.5110666666666667 0.024460547504025716 0.05232000000000001
2 0.3085628019323672 0.5765866666666667 0.07461352657004833 0.14544000000000004
2 0.5914049919484703 0.5269066666666666 0.08886473429951691 0.12122666666666661
2 0.5635950080515298 0.5132399999999999 0.06686795491143313 0.08893333333333331
2 0.5419001610305958 0.48767999999999995 0.052753623188405784 0.08069333333333331
2 0.3676046698872786 0.50284 0.029895330112721413 0.06391999999999999
2 0.3823953301127214 0.5024266666666667 0.024371980676328488 0.05493333333333331
2 0.3449597423510467 0.5005733333333333 0.019146537842189993 0.04781333333333335
