2 0.485491539081386 0.5205053191489362 0.03175664786462537 0.09558510638297872
2 0.04082594681708299 0.6695212765957447 0.08165189363416599 0.38957446808510643
2 0.2335455278001612 0.7151329787234042 0.2216277195809831 0.42686170212765956
2 0.17881547139403706 0.6101728723404255 0.15055600322320706 0.22710106382978726
2 0.31203867848509265 0.5551063829787234 0.06623690572119258 0.12138297872340421
2 0.3980257856567284 0.563656914893617 0.06456083803384367 0.14194148936170214
2 0.35865028203062044 0.5264627659574468 0.043215149073327956 0.08744680851063828
2 0.44093070104754223 0.48000000000000004 0.02711522965350522 0.10494680851063831
2 0.08286865431103949 0.5898404255319148 0.15616438356164383 0.20265957446808508
2 0.27853746978243354 0.5304521276595744 0.05075745366639807 0.081595744680851
