2 0.9342954911433172 0.7705733333333334 0.12979871175523353 0.45352
2 0.8313808373590983 0.6470800000000001 0.2904106280193237 0.28872000000000003
2 0.2084339774557166 0.6142399999999999 0.21686795491143318 0.24634666666666657
2 0.5285144927536232 0.5252266666666666 0.024919484702093344 0.06101333333333332
2 0.4014331723027375 0.5291066666666666 0.06760064412238319 0.08248000000000001
2 0.6076771336553946 0.5451999999999999 0.08058776167471814 0.10058666666666666
2 0.3310346215780998 0.56828 0.12211755233494365 0.14941333333333334
2 0.27307971014492755 0.5930533333333332 0.17290660225442836 0.2033866666666666
2 0.6766425120772946 0.5664399999999999 0.11238325281803536 0.15319999999999998
2 0.7045772946859904 0.5822933333333333 0.12851046698872787 0.15834666666666672
