2 0.09042270531400967 0.5231866666666666 0.18084541062801934 0.9482933333333333
0 0.7126409017713364 0.5392399999999999 0.03515297906602252 0.2713333333333333
1 0.30853462157809985 0.64348 0.060531400966183584 0.34743999999999997
1 0.36912238325281804 0.5572666666666667 0.029468599033816444 0.2094666666666667
2 0.6178582930756844 0.59148 0.10433172302737515 0.2627999999999999
2 0.5729227053140096 0.5428266666666667 0.0695008051529791 0.20549333333333333
2 0.5528582930756843 0.5196533333333333 0.0531723027375201 0.16383999999999999
0 0.5023953301127213 0.4787199999999999 0.008590982286634427 0.08336000000000005
0 0.5077576489533011 0.4814266666666666 0.008317230273751954 0.08098666666666668
2 0.437097423510467 0.4824266666666666 0.020088566827697298 0.06751999999999998
2 0.39144122383252816 0.51716 0.03806763285024157 0.09373333333333327
2 0.1509903381642512 0.7246933333333333 0.2497745571658615 0.40453333333333336
2 0.2806561996779388 0.6113599999999999 0.11301932367149758 0.23184000000000007
