2 0.04318035426731079 0.7010666666666666 0.08636070853462158 0.23951999999999998
2 0.3928260869565217 0.5502933333333333 0.033703703703703715 0.09920000000000004
2 0.34219404186795493 0.5340133333333333 0.0425040257648953 0.10642666666666666
2 0.26538244766505636 0.6226933333333333 0.07459742351046701 0.15567999999999999
2 0.1977979066022544 0.6317066666666666 0.08198872785829306 0.14367999999999997
1 0.07097826086956521 0.6926666666666667 0.08376006441223831 0.3085333333333334
0 0.364561191626409 0.5532533333333333 0.007512077294685978 0.06586666666666663
2 0.9782729468599033 0.5604 0.04184380032206121 0.34352
2 0.21735909822866348 0.5746266666666667 0.05731078904991949 0.060026666666666714
2 0.7603542673107889 0.48616 0.03249597423510468 0.056480000000000016
