2 0.9503542673107892 0.6773866666666666 0.0976811594202898 0.6398933333333333
2 0.816086956521739 0.6670133333333333 0.3662157809983897 0.66064
2 0.6565217391304349 0.6241866666666667 0.12466988727858296 0.3224533333333332
0 0.580402576489533 0.5127866666666667 0.017713365539452495 0.1478666666666667
0 0.5849677938808373 0.5107066666666666 0.017713365539452495 0.14168000000000006
2 0.4276328502415459 0.5145866666666666 0.03103059581320448 0.09957333333333326
0 0.5131400966183575 0.5006 0.009935587761674743 0.07943999999999998
2 0.30154991948470206 0.6121066666666667 0.10198872785829309 0.2184533333333333
2 0.1259903381642512 0.7474133333333333 0.2519806763285024 0.49983999999999995
0 0.34883252818035426 0.5408133333333334 0.012077294685990338 0.10189333333333335
