2 0.15989935587761675 0.75916 0.3197987117552335 0.47634666666666664
2 0.5710225442834139 0.5554266666666666 0.08000000000000002 0.18328000000000005
2 0.8562681159420291 0.7649466666666667 0.28585346215780993 0.4647733333333333
2 0.2431884057971014 0.7066933333333333 0.21524959742351044 0.42842666666666657
0 0.1640257648953301 0.63472 0.04062801932367148 0.44389333333333336
0 0.21886876006441222 0.5959733333333334 0.02355072463768116 0.3277333333333333
2 0.432536231884058 0.5151333333333333 0.03597423510466985 0.10578666666666663
2 0.5335305958132045 0.51108 0.04340579710144925 0.10957333333333326
0 0.2299355877616747 0.6284933333333333 0.023140096618357496 0.3362400000000001
2 0.4463123993558776 0.5000399999999999 0.023864734299516896 0.06557333333333334
2 0.5139533011272142 0.4884266666666666 0.02286634460547502 0.07871999999999994
