2 0.4241586151368761 0.4965733333333333 0.027077294685990336 0.0977866666666667
1 0.4546417069243156 0.5873733333333333 0.04316425120772948 0.2678666666666667
2 0.8022020933977456 0.7443866666666666 0.3939855072463768 0.5058933333333333
2 0.10351851851851851 0.7612533333333333 0.20703703703703702 0.4690666666666667
2 0.20819243156199677 0.6256 0.14324476650563606 0.29706666666666665
2 0.5772262479871175 0.5998933333333333 0.11698067632850238 0.28202666666666654
2 0.5249235104669887 0.5626666666666666 0.08165056360708532 0.18602666666666665
2 0.27193236714975844 0.5928666666666667 0.07660225442834137 0.17208
0 0.7088727858293076 0.5495866666666667 0.03466988727858298 0.26232
2 0.300402576489533 0.56136 0.053333333333333344 0.12511999999999995
2 0.49402576489533007 0.5497733333333333 0.050821256038647344 0.12482666666666667
