2 0.4959782608695652 0.5081733333333334 0.021859903381642586 0.06887999999999996
2 0.6182004830917874 0.5922799999999999 0.0978341384863124 0.23154666666666662
2 0.8504347826086956 0.7373333333333333 0.29752012882447665 0.52
2 0.1374154589371981 0.6123999999999999 0.14592592592592593 0.16538666666666677
2 0.027355072463768115 0.6188266666666666 0.05471014492753623 0.16799999999999998
2 0.5897544283413849 0.56004 0.06422705314009661 0.1711733333333334
0 0.5765660225442835 0.50644 0.008590982286634427 0.09810666666666665
2 0.5493276972624799 0.521 0.035064412238325245 0.09383999999999999
2 0.5284661835748793 0.49484 0.019170692431561952 0.06210666666666672
2 0.3884380032206119 0.5246933333333333 0.03210950080515298 0.07717333333333333
2 0.40305555555555556 0.5146933333333333 0.027866344605475005 0.06384
