0 0.7520597738287561 0.6988101604278075 0.0912762520193861 0.5970320855614972
0 0.3091841680129241 0.5562700534759357 0.03231017770597738 0.27360962566844915
0 0.6860096930533118 0.6918449197860962 0.05735056542810986 0.5140641711229946
0 0.5412237479806139 0.6618582887700535 0.051898222940226175 0.4615775401069519
0 0.42381260096930534 0.625120320855615 0.04604200323101773 0.37831550802139036
0 0.601239903069467 0.6044251336898395 0.04953957996768986 0.36986631016042787
0 0.48637318255250406 0.578783422459893 0.039046849757673606 0.31366310160427807
0 0.5477302100161552 0.6465374331550802 0.04038772213247173 0.3846256684491979
0 0.5306219709208401 0.5542914438502674 0.038772213247172865 0.28735294117647064
0 0.5602261712439418 0.6049331550802138 0.06612277867528273 0.35355614973262034
2 0.4092932148626818 0.543355614973262 0.07083198707592887 0.1756417112299465
