2 0.4615660225442834 0.48926666666666674 0.02619162640901769 0.09490666666666667
1 0.47857890499194844 0.5832799999999999 0.04015297906602255 0.2694933333333333
2 0.908937198067633 0.7600799999999999 0.18051529790660228 0.47450666666666663
2 0.0606561996779388 0.7702266666666666 0.1213123993558776 0.45421333333333336
2 0.15599838969404187 0.68664 0.23003220611916267 0.42719999999999997
2 0.6833132045088567 0.6725599999999999 0.20185990338164245 0.45263999999999993
2 0.5894202898550724 0.5910133333333333 0.11326892109500801 0.2501866666666667
2 0.26682769726247985 0.6178933333333333 0.1054589371980676 0.2194666666666667
0 0.9036433172302736 0.6170133333333333 0.10741545893719813 0.4352533333333333
2 0.31170692431561997 0.5696133333333334 0.06570048309178746 0.1477066666666667
2 0.5419766505636071 0.5565733333333334 0.06284219001610303 0.15282666666666667
