0 0.20721728594507274 0.7100401069518716 0.15327140549273024 0.5745721925133689
0 0.257548465266559 0.7268048128342245 0.06924878836833599 0.5410427807486631
0 0.13285137318255252 0.7286363636363635 0.06096930533117933 0.537379679144385
0 0.1190912762520194 0.6920721925133689 0.057714054927302104 0.4398663101604277
0 0.3271203554119548 0.6529411764705881 0.05254442649434573 0.4458288770053475
0 0.1467447495961228 0.7116844919786096 0.04896607431340871 0.4556684491978609
0 0.28029079159935383 0.6591978609625668 0.06268174474959615 0.42422459893048126
2 0.309983844911147 0.6090240641711229 0.11725363489499191 0.2647326203208555
1 0.3995355411954766 0.5325802139037433 0.02584006462035542 0.18852941176470583
0 0.5507229402261713 0.5078342245989305 0.01978190630048466 0.1662566844919786
0 0.4405775444264943 0.5141176470588235 0.010783521809369971 0.12229946524064172
0 0.4493416801292408 0.509398395721925 0.012867528271405453 0.12767379679144383
