2 0.13667471819645732 0.7823999999999999 0.27334943639291465 0.4298666666666666
2 0.028365539452495973 0.7931733333333333 0.05673107890499195 0.40832
2 0.549110305958132 0.5375599999999999 0.044919484702093365 0.11874666666666667
2 0.3007206119162641 0.6532133333333333 0.12984702093397743 0.26983999999999997
2 0.7253462157809983 0.5173866666666666 0.15326892109500798 0.1506133333333333
2 0.6952214170692431 0.4943733333333333 0.12454911433172298 0.16799999999999998
2 0.36956119162640905 0.5434 0.04475845410628022 0.10866666666666666
2 0.3095088566827697 0.589 0.0765217391304348 0.1539466666666667
2 0.6473027375201289 0.4952533333333334 0.0944122383252818 0.11274666666666666
2 0.4002375201288245 0.5288533333333333 0.030636070853462167 0.07375999999999999
2 0.9294041867954913 0.43287999999999993 0.12743961352657002 0.14197333333333328
