2 0.946736111111111 0.5669459459459459 0.10489379084967329 0.1385945945945946
2 0.8943831699346405 0.5629459459459459 0.10178921568627444 0.13178378378378378
2 0.8258129084967321 0.5622027027027027 0.0946813725490196 0.14197297297297298
2 0.5061764705882352 0.5074594594594595 0.027859477124183026 0.08194594594594594
1 0.39215686274509803 0.5167702702702702 0.023594771241830063 0.12532432432432428
0 0.15996323529411766 0.46985135135135137 0.0111356209150327 0.1281891891891892
0 0.18789624183006537 0.5067297297297297 0.022066993464052304 0.18670270270270276
1 0.6263766339869281 0.5478648648648649 0.063374183006536 0.31254054054054053
0 0.21902777777777782 0.4864189189189189 0.015849673202614406 0.13510810810810814
0 0.19322712418300653 0.48043243243243244 0.01594771241830066 0.136972972972973
0 0.4099509803921568 0.5894324324324325 0.03647058823529416 0.3196756756756758
0 0.4444403594771242 0.5677027027027027 0.06229575163398693 0.30421621621621614
0 0.48660130718954253 0.5853783783783785 0.04671568627450986 0.34227027027027035
0 0.7503717320261437 0.6491081081081082 0.06711601307189541 0.5072972972972973
0 0.756968954248366 0.6351486486486486 0.06522875816993468 0.44916216216216226
0 0.5646895424836602 0.659527027027027 0.06217320261437911 0.4771081081081082
0 0.5756821895424836 0.6357297297297297 0.04347222222222225 0.4467567567567568
0 0.6211397058823529 0.6260270270270271 0.05107026143790849 0.38497297297297306
0 0.4451674836601307 0.6055675675675676 0.040596405228758216 0.37005405405405406
