2 0.13091787439613525 0.7549333333333333 0.2618357487922705 0.4848
2 0.9069806763285024 0.7514133333333333 0.18442834138486308 0.49184
2 0.9738285024154588 0.4938533333333333 0.050732689210950074 0.35112000000000004
2 0.9009782608695651 0.52408 0.19643317230273755 0.40981333333333336
2 0.2754991948470209 0.66584 0.1532528180354267 0.32645333333333326
2 0.34970611916264094 0.5944400000000001 0.09899355877616746 0.20775999999999997
2 0.8114694041867955 0.5110933333333333 0.09506441223832542 0.17701333333333333
2 0.7303260869565218 0.5215866666666666 0.08611111111111105 0.14461333333333337
2 0.6952012882447666 0.5111066666666666 0.07333333333333336 0.13016
2 0.6806481481481481 0.5157733333333333 0.07445249597423513 0.11464000000000002
2 0.6628623188405797 0.5025999999999999 0.07227858293075683 0.10781333333333334
2 0.5663446054750403 0.5509866666666666 0.0567954911433172 0.14709333333333333
2 0.4141908212560386 0.5393066666666667 0.05105475040257646 0.11994666666666663
2 0.43007648953301125 0.50832 0.04334138486312403 0.1243733333333333
2 0.6028462157809984 0.49164 0.055338164251207744 0.08125333333333333
3 0.5126086956521739 0.45944 0.039726247987117574 0.13738666666666668
