2 0.48913446054750404 0.5055333333333333 0.02330917874396139 0.07346666666666662
2 0.8217149758454105 0.7437333333333332 0.3549597423510467 0.5072
2 0.6668639291465378 0.6385599999999999 0.14392109500805153 0.33456
0 0.6007528180354267 0.5153866666666667 0.014227053140096677 0.13882666666666668
2 0.5631038647342995 0.53328 0.05181159420289848 0.12938666666666668
2 0.5442995169082125 0.52384 0.0361513687600644 0.10687999999999995
2 0.527842190016103 0.4958533333333333 0.023059581320450873 0.07357333333333334
2 0.3224718196457327 0.55816 0.05711755233494364 0.11114666666666669
2 0.34917471819645735 0.53716 0.04520933977455715 0.09981333333333335
2 0.3762359098228663 0.5224133333333333 0.03606280193236717 0.07869333333333331
