2 0.7930917874396135 0.5537066666666666 0.2987278582930757 0.34528
2 0.9704186795491143 0.4386 0.05755233494363931 0.12135999999999997
2 0.9516706924315619 0.44555999999999996 0.09504830917874392 0.11256000000000002
2 0.3367351046698873 0.5711866666666666 0.0709259259259259 0.16935999999999998
2 0.4113808373590982 0.5586933333333333 0.06541867954911429 0.16304000000000005
2 0.6903623188405797 0.45848 0.10624798711755228 0.13205333333333336
2 0.7792512077294687 0.44516 0.05434782608695652 0.09421333333333329
2 0.8739935587761675 0.42266666666666663 0.062334943639291526 0.11061333333333338
2 0.812902576489533 0.4505733333333333 0.058590982286634445 0.08551999999999998
2 0.3671014492753623 0.5528133333333334 0.05676328502415459 0.12573333333333334
2 0.5383816425120772 0.49949333333333334 0.03441223832528181 0.08032000000000002
2 0.49050724637681165 0.5066 0.024202898550724685 0.06391999999999999
2 0.44988325281803543 0.4820133333333333 0.02388888888888895 0.04087999999999996
