2 0.5138244766505636 0.5817333333333333 0.059903381642512056 0.18896000000000002
2 0.6653462157809984 0.57148 0.12658615136876009 0.20978666666666662
2 0.5972020933977455 0.5401866666666666 0.07024959742351047 0.11743999999999997
2 0.5707528180354268 0.5296933333333332 0.06163446054750399 0.08589333333333335
2 0.025885668276972622 0.6729999999999999 0.051771336553945245 0.23602666666666663
2 0.3278140096618357 0.57168 0.07074879227053141 0.13914666666666667
2 0.4214331723027376 0.5286666666666666 0.033075684380032236 0.07903999999999996
2 0.4597624798711755 0.5125466666666666 0.023373590982286613 0.05629333333333329
2 0.27194444444444443 0.5713866666666666 0.07586956521739131 0.11989333333333335
2 0.31151368760064413 0.54316 0.05093397745571658 0.11335999999999997
2 0.36520128824476655 0.5283866666666667 0.0392753623188406 0.074
2 0.41864331723027376 0.52132 0.03469404186795489 0.05234666666666665
2 0.15722222222222224 0.5625733333333334 0.08181964573268921 0.12167999999999998
2 0.15601046698872784 0.53976 0.08214975845410628 0.08661333333333338
