0 0.5690972222222223 0.4778783783783784 0.014305555555555549 0.1554864864864865
0 0.239452614379085 0.531445945945946 0.03122549019607841 0.3245135135135136
0 0.7758905228758171 0.6924594594594594 0.08148692810457508 0.6096756756756757
0 0.7579575163398693 0.6313243243243243 0.06549019607843144 0.5232432432432432
0 0.6871323529411765 0.6739054054054056 0.11483660130718959 0.6031081081081081
0 0.7070383986928105 0.6901486486486488 0.07884803921568627 0.6142972972972973
0 0.4785580065359477 0.5116081081081082 0.032246732026143816 0.258027027027027
0 0.5087091503267974 0.4963648648648649 0.03261437908496729 0.2673783783783784
0 0.4731740196078431 0.4929864864864865 0.027099673202614347 0.22435135135135134
0 0.44590277777777776 0.5 0.029583333333333364 0.23118918918918926
0 0.4994566993464053 0.485972972972973 0.028292483660130718 0.1875135135135135
0 0.3718627450980392 0.4996351351351352 0.020784313725490194 0.23510810810810814
0 0.3927042483660131 0.498918918918919 0.01789215686274508 0.19994594594594592
0 0.409093137254902 0.4831621621621621 0.02102941176470589 0.22351351351351356
0 0.4335334967320261 0.5053108108108109 0.017622549019607792 0.18570270270270267
2 0.10933415032679739 0.49864864864864866 0.21866830065359477 0.9972972972972973
