2 0.1360305958132045 0.8133333333333334 0.272061191626409 0.368
2 0.8214130434782608 0.7502800000000001 0.35556360708534623 0.49410666666666664
2 0.8332045088566828 0.5477333333333333 0.22431561996779398 0.22042666666666666
2 0.3672866344605475 0.5690666666666666 0.0771014492753623 0.17392
2 0.5882890499194847 0.5651466666666667 0.06995974235104668 0.17370666666666662
2 0.39119565217391306 0.5179066666666666 0.061779388083735925 0.18605333333333327
2 0.5638446054750403 0.5413866666666666 0.059235104669887316 0.13621333333333335
2 0.2780233494363929 0.48614666666666667 0.1380112721417069 0.16770666666666662
2 0.4955555555555556 0.4776933333333333 0.020402576489533038 0.07410666666666664
2 0.6384098228663446 0.4502266666666666 0.08641706924315623 0.11074666666666666
