0 0.4660016155088853 0.5394251336898396 0.02261712439418417 0.20425133689839567
0 0.5061470113085622 0.5345588235294118 0.024765751211631732 0.21483957219251335
0 0.2868053311793215 0.5397593582887701 0.020460420032310214 0.19545454545454544
0 0.45592084006462036 0.5579679144385027 0.023424878836833606 0.227379679144385
0 0.5772617124394185 0.6380748663101603 0.05788368336025846 0.4940106951871657
0 0.9684531502423264 0.592072192513369 0.058424878836833546 0.46622994652406413
0 0.5142285945072699 0.5461229946524064 0.028537964458804466 0.23379679144385024
0 0.6281906300484653 0.6165641711229947 0.048465266558966075 0.37441176470588233
2 0.3287883683360258 0.6040508021390375 0.1710016155088853 0.3917914438502674
2 0.3412075928917609 0.5105882352941176 0.08175282714054927 0.21802139037433152
2 0.3745476575121163 0.49864973262032086 0.049919224555735026 0.15991978609625668
