2 0.8669041867954911 0.7460799999999999 0.26458132045088567 0.5025066666666667
2 0.09730676328502416 0.7767866666666667 0.19461352657004832 0.4410933333333333
2 0.3731441223832528 0.5518799999999999 0.042085346215780986 0.09741333333333334
2 0.5407045088566828 0.5134133333333333 0.03522544283413848 0.09055999999999995
2 0.3910547504025765 0.5390533333333333 0.036231884057971016 0.07922666666666668
2 0.4110829307568438 0.5192800000000001 0.028913043478260844 0.07925333333333333
2 0.09970611916264091 0.5845333333333332 0.06723832528180354 0.08282666666666667
2 0.13744766505636072 0.5801333333333334 0.060434782608695656 0.08069333333333338
2 0.171658615136876 0.5722266666666666 0.06415458937198065 0.08727999999999997
2 0.2119524959742351 0.57224 0.056256038647343 0.08687999999999996
