2 0.492169887278583 0.57668 0.07554750402576493 0.23666666666666666
2 0.8885386473429953 0.7167599999999998 0.22131239935587763 0.5611466666666667
2 0.7482326892109501 0.6440533333333333 0.19036231884057966 0.35002666666666665
2 0.676670692431562 0.57116 0.16860708534621577 0.26050666666666655
2 0.6480917874396136 0.5551333333333334 0.12062801932367154 0.17704000000000003
2 0.07217391304347825 0.6069866666666667 0.1443478260869565 0.2632533333333334
2 0.1547222222222222 0.5511333333333334 0.118317230273752 0.19266666666666665
2 0.44017713365539457 0.48374666666666666 0.018840579710144908 0.051386666666666615
0 0.552049114331723 0.5115866666666666 0.014790660225442839 0.11277333333333338
0 0.04827294685990338 0.5364933333333333 0.012246376811594203 0.18914666666666669
0 0.7378623188405796 0.48138666666666663 0.007608695652173858 0.10522666666666669
0 0.7381481481481481 0.48084 0.005571658615136843 0.07751999999999998
