2 0.09910628019323672 0.7234666666666667 0.19821256038647345 0.5077333333333334
2 0.10238727858293076 0.6443866666666666 0.20477455716586151 0.34354666666666667
2 0.1804549114331723 0.6393066666666667 0.22322866344605474 0.27146666666666663
2 0.2157568438003221 0.5897066666666666 0.20325281803542672 0.22341333333333324
2 0.2830636070853462 0.5629333333333334 0.13548309178743959 0.17925333333333332
2 0.30518115942028984 0.5436666666666666 0.13253623188405794 0.1972533333333334
1 0.43827697262479864 0.53716 0.011932367149758495 0.09389333333333327
2 0.8370330112721417 0.77612 0.3243236714975845 0.44242666666666663
2 0.8633011272141707 0.6542933333333333 0.2717874396135265 0.3598933333333333
2 0.7868276972624799 0.6234 0.20140096618357486 0.26482666666666665
2 0.7230837359098228 0.6086933333333333 0.15143317230273756 0.2043733333333333
2 0.6939613526570048 0.57588 0.11175523349436389 0.17511999999999997
2 0.6648429951690822 0.5743333333333334 0.12947665056360705 0.1619466666666667
2 0.6396537842190017 0.56548 0.11834138486312401 0.12983999999999998
2 0.628780193236715 0.5441333333333334 0.0971417069243156 0.14133333333333334
2 0.36935990338164254 0.5362533333333334 0.08419484702093397 0.09277333333333339
2 0.38544283413848635 0.5358 0.0721578099838969 0.08504000000000003
2 0.5259380032206119 0.5301333333333333 0.030410628019323656 0.07632000000000001
2 0.5132125603864734 0.5143733333333332 0.01896940418679554 0.053919999999999996
2 0.4986594202898551 0.4854 0.012149758454106306 0.046853333333333316
