2 0.2805475040257649 0.6364266666666666 0.1338325281803543 0.25877333333333336
2 0.923582930756844 0.7472666666666667 0.1512238325281803 0.5001333333333333
2 0.7850885668276972 0.7142933333333333 0.23942028985507247 0.4471466666666666
2 0.3496578099838969 0.5781200000000001 0.08334138486312398 0.16637333333333337
2 0.6599838969404187 0.6035733333333333 0.10990338164251208 0.24031999999999992
2 0.3831481481481481 0.5547733333333333 0.06449275362318838 0.12383999999999999
2 0.6117351046698872 0.56248 0.07673913043478256 0.17157333333333333
2 0.43664251207729465 0.5144 0.029774557165861436 0.07327999999999997
2 0.5886876006441224 0.5416 0.052093397745571694 0.13098666666666667
2 0.5777294685990337 0.5249333333333334 0.039549114331723034 0.10538666666666668
