0 0.508021001615509 0.5756283422459892 0.0323586429725364 0.29061497326203206
0 0.5660137318255251 0.5522727272727272 0.03766558966074313 0.29732620320855613
0 0.23470920840064627 0.5638235294117647 0.030953150242326328 0.24427807486631017
0 0.5367447495961228 0.5649866310160427 0.029224555735056595 0.2577272727272727
0 0.7551413570274637 0.6431283422459892 0.09249596122778675 0.5423529411764705
0 0.9679483037156704 0.5913101604278075 0.05977382875605816 0.46978609625668444
0 0.12019386106623588 0.7268582887700535 0.07088852988691438 0.5409358288770053
0 0.09202746365105008 0.7194786096256683 0.0707108239095315 0.5556951871657754
0 0.6546324717285945 0.5454545454545454 0.040234248788368385 0.3077005347593583
0 0.8728957996768982 0.6453074866310161 0.07298061389337634 0.4820053475935829
2 0.41229402261712444 0.5349197860962567 0.08203554119547662 0.2205347593582888
2 0.3418012924071082 0.5136898395721925 0.0815508885298869 0.21679144385026733
2 0.374248788368336 0.49942513368983954 0.0504038772213247 0.16029411764705878
