2 0.8783333333333332 0.7375866666666667 0.24172302737520132 0.5194933333333334
2 0.11595410628019323 0.74796 0.23190821256038646 0.49874666666666667
2 0.7266505636070854 0.6809466666666666 0.2293880837359099 0.4318133333333333
2 0.6060346215780998 0.46119999999999994 0.1286070853462157 0.40789333333333333
2 0.5618397745571659 0.5178933333333333 0.05218196457326897 0.15973333333333334
2 0.5493478260869565 0.5201466666666666 0.04312399355877621 0.11138666666666669
2 0.5214935587761674 0.5080933333333333 0.029573268921094933 0.07767999999999999
2 0.4056924315619968 0.52424 0.02842190016103056 0.06816
2 0.5021819645732689 0.5035599999999999 0.03334943639291462 0.07624
2 0.476292270531401 0.4992266666666666 0.024533011272141636 0.052586666666666664
