2 0.4896537842190016 0.5078933333333333 0.020144927536231868 0.0634666666666667
2 0.16517713365539452 0.7716133333333334 0.33035426731078904 0.45143999999999995
2 0.8985305958132044 0.7390666666666665 0.2013285024154589 0.5165333333333333
2 0.8088486312399356 0.7238533333333332 0.304170692431562 0.54696
2 0.6003260869565218 0.5899333333333332 0.09221417069243154 0.2176266666666666
2 0.5422745571658615 0.5278 0.03623993558776167 0.10098666666666667
2 0.571694847020934 0.5555066666666666 0.06078099838969405 0.16471999999999995
2 0.2902214170692432 0.55424 0.07330917874396137 0.08821333333333328
2 0.19732286634460547 0.5608933333333332 0.08272946859903382 0.09208
2 0.5251489533011271 0.5073466666666666 0.022455716586151357 0.0616266666666667
0 0.7903663446054751 0.6113733333333333 0.041537842190016036 0.4534133333333332
