2 0.10473027375201287 0.7723866666666666 0.20946054750402573 0.44989333333333337
2 0.932415458937198 0.54052 0.13355877616747192 0.3000799999999999
2 0.8610950080515298 0.53316 0.13581320450885664 0.2270666666666666
2 0.8060909822866344 0.5130133333333333 0.12614331723027372 0.19770666666666661
2 0.7654991948470209 0.5164 0.11814814814814806 0.1528533333333333
2 0.730378421900161 0.49144000000000004 0.09236714975845413 0.1306133333333333
2 0.6881320450885668 0.6489333333333333 0.16586151368760063 0.38229333333333326
2 0.6201167471819645 0.5760133333333333 0.08206924315619964 0.1896266666666667
2 0.3538808373590982 0.59476 0.11315619967793883 0.24125333333333324
2 0.4000161030595813 0.5302 0.08225442834138484 0.21336000000000005
2 0.6589774557165862 0.48231999999999997 0.08344605475040257 0.11866666666666666
2 0.42805958132045085 0.5450266666666667 0.04909822866344602 0.1348533333333333
2 0.4410950080515298 0.5227733333333334 0.04304347826086959 0.10672000000000002
2 0.5221739130434783 0.49166666666666664 0.05365539452495973 0.06423999999999994
3 0.5277898550724639 0.44342666666666664 0.05224637681159419 0.18221333333333328
