2 0.49577294685990336 0.5272133333333333 0.03861513687600647 0.1209866666666666
2 0.9246175523349436 0.7480533333333332 0.14915458937198067 0.49856
2 0.34989130434782606 0.5441866666666666 0.05020128824476652 0.09850666666666666
2 0.6558293075684379 0.55628 0.1368276972624798 0.20658666666666667
2 0.5957971014492753 0.5342399999999999 0.09702093397745572 0.13264
2 0.580012077294686 0.5081866666666667 0.06871980676328496 0.10896000000000003
2 0.5568317230273753 0.4918 0.0664009661835749 0.10408
2 0.5450402576489534 0.4981466666666667 0.05227053140096615 0.06813333333333337
2 0.340414653784219 0.5107466666666667 0.039524959742351026 0.07951999999999998
2 0.44529388083735916 0.46857333333333334 0.02427536231884056 0.07149333333333334
2 0.3610064412238325 0.50076 0.031175523349436414 0.0665333333333333
2 0.40650966183574877 0.49409333333333333 0.020458937198067653 0.04029333333333337
2 0.3158333333333333 0.5042533333333333 0.024742351046698887 0.057999999999999996
2 0.1323792270531401 0.5102399999999999 0.031811594202898544 0.06559999999999998
