0 0.5477083333333334 0.47168918918918923 0.01624999999999999 0.1549459459459459
0 0.24305555555555555 0.5388783783783784 0.03173202614379088 0.32775675675675675
0 0.9042728758169934 0.7465810810810811 0.17274509803921564 0.5014324324324325
0 0.933574346405229 0.7347162162162163 0.13121732026143784 0.5251621621621622
0 0.48779003267973864 0.4869594594594595 0.019289215686274522 0.168945945945946
0 0.5560988562091503 0.5683243243243243 0.03785130718954252 0.3725945945945946
0 0.5478962418300654 0.5333243243243243 0.04924019607843136 0.32394594594594595
0 0.5043709150326797 0.5697297297297298 0.03715686274509806 0.368054054054054
0 0.4977859477124183 0.5666216216216217 0.03820261437908496 0.3805405405405406
0 0.44225490196078426 0.47954054054054057 0.025457516339869257 0.19318918918918918
0 0.46069444444444446 0.47500000000000003 0.021470588235294095 0.20275675675675672
0 0.4330106209150327 0.47685135135135137 0.020302287581699274 0.1820270270270271
0 0.409109477124183 0.48525675675675684 0.020539215686274547 0.19289189189189185
0 0.34095996732026146 0.4820540540540541 0.020939542483660128 0.1924864864864865
0 0.36671160130718955 0.48670270270270277 0.017687908496732054 0.1690810810810811
0 0.3907761437908497 0.47485135135135137 0.018856209150326833 0.19094594594594597
2 0.10938316993464052 0.49864864864864866 0.21876633986928104 0.9972972972972973
