2 0.9467933006535948 0.5672702702702702 0.10477941176470588 0.13864864864864862
2 0.8943913398692812 0.562918918918919 0.1018709150326796 0.13178378378378378
2 0.8258006535947713 0.5622432432432433 0.09468954248366011 0.14200000000000007
2 0.5061805555555556 0.5074054054054055 0.027867647058823542 0.08194594594594594
0 0.1632434640522876 0.4739864864864865 0.013480392156862746 0.12840540540540538
0 0.21140114379084968 0.5021351351351352 0.01806372549019609 0.17183783783783788
1 0.5492606209150328 0.5303378378378379 0.04763888888888894 0.243
0 0.2026593137254902 0.48098648648648645 0.013521241830065346 0.13132432432432434
0 0.3723039215686275 0.5715810810810812 0.029035947712418318 0.2953783783783784
0 0.4066380718954249 0.5627837837837838 0.05757352941176473 0.28135135135135125
0 0.4419934640522876 0.5728108108108109 0.038415032679738545 0.3131891891891892
0 0.652577614379085 0.6270945945945946 0.05125000000000002 0.4457567567567568
0 0.6612377450980392 0.6146351351351351 0.05691993464052294 0.3985675675675675
0 0.48441993464052296 0.6433243243243244 0.047303921568627436 0.42048648648648645
0 0.5105147058823529 0.6183243243243243 0.04589869281045757 0.39729729729729724
0 0.5505310457516339 0.6111081081081082 0.03748366013071895 0.3490270270270271
0 0.3941421568627451 0.5888513513513514 0.03245098039215689 0.3354324324324325
