2 0.49677133655394523 0.5253866666666666 0.039645732689210955 0.12421333333333336
2 0.30941223832528175 0.56236 0.07127214170692435 0.13186666666666672
2 0.6942914653784219 0.58168 0.16365539452495984 0.26277333333333325
2 0.61420692431562 0.54036 0.10999194847020935 0.15383999999999998
2 0.6023590982286634 0.5273599999999999 0.08929146537842197 0.13098666666666667
2 0.5952093397745571 0.5074 0.07618357487922696 0.12280000000000002
2 0.5632850241545893 0.48973333333333324 0.07136876006441223 0.11359999999999998
2 0.5505354267310789 0.49670666666666663 0.05549919484702098 0.0729866666666666
2 0.33106280193236715 0.5068799999999999 0.04325281803542675 0.08527999999999997
2 0.4400442834138486 0.46397333333333335 0.02557971014492752 0.07813333333333329
2 0.354134460547504 0.50392 0.03384057971014495 0.07103999999999996
2 0.4030515297906602 0.49010666666666663 0.021449275362318828 0.041866666666666635
2 0.30656199677938806 0.5000533333333332 0.027020933977455672 0.0615466666666667
2 0.10930756843800321 0.5109066666666666 0.03293075684380033 0.07018666666666665
