2 0.5124718196457327 0.5789066666666666 0.057971014492753624 0.1829333333333333
2 0.6744444444444445 0.5764533333333334 0.13397745571658612 0.22400000000000006
2 0.6002777777777778 0.5413866666666667 0.07271336553945254 0.12218666666666664
2 0.5723711755233494 0.5297733333333333 0.06335748792270536 0.0884533333333333
2 0.2979549114331723 0.5886933333333333 0.08694041867954913 0.1646933333333333
2 0.41178743961352654 0.5334533333333333 0.035780998389693994 0.08578666666666664
2 0.45360305958132047 0.51572 0.025080515297906676 0.059706666666666706
2 0.26261674718196454 0.5742399999999999 0.08035426731078905 0.12474666666666667
2 0.3065942028985507 0.5440799999999999 0.052608695652173895 0.11674666666666667
2 0.3615096618357488 0.5304666666666666 0.03999194847020931 0.07597333333333328
2 0.4160265700483091 0.5205866666666666 0.03596618357487919 0.05317333333333332
2 0.1425281803542673 0.56428 0.08673107890499195 0.12663999999999995
2 0.14386876006441224 0.5403466666666666 0.08577294685990337 0.08928000000000004
