2 0.2415901771336554 0.6501333333333332 0.13870370370370372 0.25952
2 0.3129307568438003 0.5940266666666666 0.0855716586151369 0.16533333333333333
2 0.3509380032206119 0.5674533333333334 0.05635265700483093 0.1273866666666667
2 0.3779428341384863 0.5465733333333332 0.04662640901771339 0.09906666666666668
2 0.6996698872785829 0.4701066666666666 0.10276972624798711 0.12880000000000003
2 0.680805152979066 0.4662666666666667 0.06888888888888893 0.12191999999999999
2 0.6604790660225444 0.46845333333333333 0.07445249597423503 0.10975999999999998
2 0.9766988727858292 0.40201333333333333 0.04499194847020943 0.12317333333333333
2 0.9544806763285025 0.40071999999999997 0.08942834138486307 0.12224
2 0.9390539452495973 0.4074 0.12028180354267319 0.10349333333333334
2 0.9083373590982287 0.4170133333333333 0.10936392914653778 0.09728000000000005
2 0.40559178743961355 0.5330666666666666 0.036352657004830945 0.07909333333333332
2 0.5552777777777778 0.5110533333333332 0.03723832528180354 0.09511999999999997
