2 0.1833695652173913 0.7476133333333334 0.3667391304347826 0.49943999999999994
2 0.9706843800322063 0.7998666666666666 0.05702093397745567 0.3949333333333333
2 0.8368317230273752 0.7366133333333333 0.3247262479871175 0.52144
2 0.9903140096618358 0.4791066666666666 0.017761674718196414 0.24397333333333335
2 0.9342512077294687 0.5138266666666667 0.1298872785829307 0.3233866666666666
2 0.8563365539452498 0.49557333333333325 0.20341384863124 0.3069333333333333
2 0.34179951690821253 0.5972533333333332 0.10166666666666666 0.23327999999999996
2 0.3879186795491143 0.5593466666666667 0.07749597423510463 0.1663733333333333
2 0.7793236714975846 0.49722666666666665 0.08420289855072467 0.15119999999999997
2 0.7165821256038647 0.5009333333333333 0.07760869565217399 0.12570666666666663
2 0.685865539452496 0.49364 0.06625603864734296 0.11485333333333331
2 0.6727254428341385 0.49871999999999994 0.06786634460547501 0.10192
2 0.5705152979066022 0.5324266666666667 0.049452495974235074 0.12741333333333332
2 0.43593397745571655 0.51648 0.04468599033816425 0.10640000000000001
2 0.449585346215781 0.49684 0.03867149758454104 0.11213333333333336
2 0.6104951690821256 0.47317333333333333 0.05158615136876001 0.07578666666666671
3 0.523538647342995 0.4473066666666667 0.03794685990338164 0.12997333333333336
