2 0.4700805152979066 0.5546133333333333 0.044911433172302714 0.12282666666666667
2 0.247085346215781 0.5846266666666667 0.17563607085346214 0.24429333333333336
2 0.34874798711755234 0.5463999999999999 0.0909742351046699 0.11706666666666668
2 0.3681723027375201 0.5409333333333333 0.07531400966183577 0.09813333333333336
2 0.4357608695652173 0.5300933333333334 0.034951690821256015 0.07608
2 0.9186674718196458 0.7801866666666666 0.16105475040257647 0.43429333333333336
2 0.5590901771336554 0.5128 0.07847020933977458 0.23573333333333335
2 0.30003220611916265 0.5154133333333333 0.068341384863124 0.14458666666666667
2 0.48034219001610307 0.53152 0.031570048309178776 0.09573333333333335
1 0.1827495974235105 0.5244533333333333 0.023373590982286634 0.08346666666666662
