2 0.5133615136876006 0.5637333333333333 0.06508051529790664 0.17498666666666668
2 0.25655797101449274 0.51996 0.06857487922705316 0.11581333333333327
1 0.6905555555555556 0.5398133333333334 0.0697906602254428 0.17280000000000004
2 0.5638969404186794 0.49216 0.04721417069243155 0.16154666666666662
0 0.4036876006441224 0.5179466666666667 0.015297906602254429 0.17311999999999997
2 0.33238727858293077 0.49044000000000004 0.03826892109500803 0.08322666666666668
2 0.3943438003220612 0.5184 0.07224637681159417 0.10896000000000003
2 0.41354669887278583 0.5109066666666666 0.06688405797101449 0.07840000000000001
2 0.43047906602254427 0.49564 0.04955716586151365 0.06882666666666667
2 0.4469524959742351 0.4822533333333333 0.036932367149758456 0.04871999999999995
2 0.48520933977455716 0.5177333333333333 0.035829307568438 0.10773333333333335
2 0.31100644122383253 0.49732 0.03933977455716587 0.0616266666666667
