2 0.4967914653784219 0.54052 0.047495974235104675 0.12786666666666663
2 0.1754790660225443 0.74544 0.2684782608695653 0.47765333333333343
2 0.3130636070853462 0.5825066666666666 0.1163204508856683 0.20639999999999994
2 0.3496779388083736 0.5581733333333333 0.1074718196457327 0.1657866666666667
2 0.3892673107890499 0.5273733333333332 0.08349436392914658 0.10925333333333333
2 0.4263123993558776 0.4850533333333333 0.06545893719806764 0.11442666666666665
2 0.7897302737520129 0.73748 0.24421095008051524 0.4266933333333333
2 0.6733655394524959 0.5989066666666667 0.1284702093397746 0.2813866666666667
0 0.577975040257649 0.52376 0.010732689210950113 0.11989333333333327
2 0.7058534621578101 0.5274666666666666 0.10700483091787438 0.13552000000000006
2 0.07594605475040257 0.6423333333333333 0.15189210950080514 0.30679999999999996
2 0.49312801932367145 0.5115999999999999 0.028462157809983915 0.08597333333333336
2 0.15923107890499194 0.5743999999999999 0.13031400966183573 0.21274666666666667
2 0.23886473429951688 0.5648533333333333 0.09175523349436392 0.15743999999999997
2 0.83158615136876 0.5044666666666667 0.16326892109500804 0.2000266666666667
