0 0.8153877221324718 0.7086229946524063 0.17508885298869134 0.5774064171122995
0 0.4571042003231018 0.5641176470588235 0.03298061389337636 0.2729411764705882
0 0.7469870759289177 0.7279679144385026 0.05956381260096932 0.5387165775401069
0 0.6511308562197091 0.696042780748663 0.04878836833602583 0.4859893048128342
0 0.6069709208400648 0.6537700534759358 0.049143780290791625 0.3993582887700534
0 0.7091478190630048 0.6091978609625668 0.0382794830371567 0.37326203208556147
0 0.6286995153473344 0.5929812834224598 0.06085621970920843 0.3094919786096256
0 0.6881906300484654 0.6670187165775401 0.047770597738287554 0.39259358288770047
0 0.6741720516962844 0.574639037433155 0.05865105008077537 0.28762032085561495
0 0.6633562197092083 0.6278877005347594 0.05784329563812603 0.3527272727272727
2 0.4571768982229403 0.5361363636363635 0.054353796445880426 0.13922459893048134
