2 0.48738325281803535 0.5068666666666666 0.020000000000000025 0.06301333333333332
2 0.2957447665056361 0.70816 0.17318035426731082 0.38543999999999995
2 0.8413325281803542 0.7362266666666666 0.31572463768115944 0.5222133333333333
2 0.7073550724637682 0.7114933333333333 0.18706119162640905 0.5104533333333333
2 0.5830032206119163 0.5750266666666666 0.07711755233494362 0.18743999999999997
2 0.5351610305958132 0.5237866666666667 0.033011272141706925 0.09386666666666671
2 0.5608132045088566 0.54664 0.053880837359098196 0.1474666666666666
2 0.2998993558776168 0.5459466666666666 0.06888083735909824 0.08298666666666668
2 0.21197665056360707 0.55068 0.07759259259259257 0.08658666666666666
2 0.520330112721417 0.5055066666666667 0.021352657004830904 0.05896000000000003
0 0.731537842190016 0.5875333333333332 0.035475040257649 0.3646133333333333
