2 0.10299516908212561 0.7775866666666668 0.20599033816425122 0.43949333333333335
2 0.3000161030595813 0.7214666666666667 0.1703864734299517 0.37461333333333335
2 0.3732125603864734 0.6274533333333333 0.10563607085346215 0.23629333333333336
2 0.6322705314009661 0.6048133333333333 0.08471819645732691 0.2533066666666667
2 0.9285909822866344 0.64196 0.1412077294685991 0.4858933333333333
2 0.42037842190016106 0.5514933333333333 0.04933977455716584 0.14394666666666672
2 0.43028180354267315 0.5514 0.053993558776167516 0.10664000000000003
2 0.4348832528180354 0.49018666666666666 0.051537842190016094 0.058186666666666643
2 0.6355152979066022 0.5644933333333333 0.07716586151368762 0.17709333333333332
2 0.6745813204508856 0.5342133333333333 0.07840579710144926 0.15162666666666663
2 0.6292914653784218 0.49776 0.08619967793880842 0.10730666666666669
2 0.847157809983897 0.5056533333333333 0.08684380032206111 0.12096000000000003
2 0.7925563607085346 0.4819866666666667 0.07200483091787435 0.08077333333333331
