2 0.5133132045088568 0.5888 0.08157004830917879 0.2552
2 0.9277455716586152 0.6040666666666666 0.1428985507246377 0.7865333333333333
2 0.7030354267310789 0.5927600000000001 0.17048309178743962 0.28973333333333334
2 0.5901046698872786 0.50044 0.07425120772946862 0.10781333333333334
2 0.5628099838969404 0.49354666666666663 0.04827697262479874 0.07541333333333333
2 0.5506239935587761 0.48560000000000003 0.04525764895330116 0.05925333333333333
2 0.025563607085346215 0.6154666666666667 0.05112721417069243 0.27743999999999996
2 0.12358695652173914 0.5789466666666666 0.14464573268921094 0.20925333333333324
2 0.23669082125603866 0.5532133333333332 0.0826570048309179 0.12125333333333332
2 0.3469162640901771 0.50652 0.04333333333333333 0.07442666666666665
2 0.3673349436392915 0.49357333333333325 0.03161030595813204 0.07925333333333333
2 0.39891706924315623 0.48755999999999994 0.02902576489533012 0.05506666666666668
2 0.4343035426731079 0.48168 0.027576489533011273 0.04106666666666668
2 0.2740378421900161 0.50344 0.0463365539452496 0.07637333333333338
2 0.04354669887278583 0.5649333333333334 0.08709339774557166 0.16506666666666667
