1 0.6506699346405229 0.5874324324324325 0.049950980392156855 0.22556756756756752
1 0.39589460784313724 0.662 0.0689787581699346 0.36972972972972973
0 0.4861928104575164 0.5522837837837838 0.012254901960784314 0.10305405405405405
0 0.008182189542483662 0.5692702702702703 0.016364379084967323 0.17962162162162165
0 0.021691176470588235 0.5752972972972974 0.021241830065359475 0.1555675675675675
1 0.4538562091503268 0.5413648648648649 0.027859477124183026 0.10651351351351351
0 0.15583333333333335 0.569391891891892 0.01715686274509804 0.16159459459459458
0 0.14159722222222224 0.5685540540540541 0.015792483660130707 0.1373783783783784
0 0.42468137254901955 0.538945945945946 0.014705882352941131 0.12000000000000002
0 0.4515972222222222 0.5543108108108108 0.011985294117647118 0.11948648648648644
