2 0.4789694041867955 0.5318133333333334 0.04130434782608692 0.10666666666666666
2 0.18159420289855074 0.6368 0.1587278582930757 0.26746666666666663
2 0.36065619967793877 0.6489466666666667 0.1197665056360708 0.2740000000000001
2 0.4042954911433172 0.5870133333333333 0.07735104669887273 0.1934933333333334
2 0.32552737520128827 0.5384133333333333 0.10670692431561994 0.14903999999999995
2 0.8729549114331723 0.7939333333333334 0.2524798711755234 0.4068
3 0.673401771336554 0.45381333333333335 0.22657809983896948 0.7190933333333333
0 0.8266425120772948 0.6853999999999999 0.07917874396135259 0.4958666666666666
2 0.5424557165861513 0.5451999999999999 0.044154589371980704 0.11567999999999998
2 0.5248550724637682 0.5238 0.03119162640901772 0.08066666666666666
3 0.5162037037037037 0.46945333333333333 0.0378341384863124 0.1610933333333333
2 0.21261272141706924 0.5213599999999999 0.06495169082125603 0.09232000000000001
2 0.4708816425120773 0.5169733333333334 0.02712560386473425 0.082
2 0.03448470209339775 0.5661866666666666 0.0689694041867955 0.1646933333333333
