2 0.07165458937198067 0.6436933333333333 0.14330917874396135 0.70728
2 0.8815740740740741 0.7569466666666667 0.23524154589371976 0.4807733333333333
2 0.741111111111111 0.7098 0.19347826086956518 0.4429066666666667
2 0.0437962962962963 0.54 0.0875925925925926 0.5119466666666667
2 0.6910507246376812 0.5456133333333334 0.10316425120772947 0.29373333333333335
2 0.48737520128824474 0.4927866666666667 0.03550724637681161 0.12413333333333329
2 0.7387600644122383 0.44405333333333324 0.15719806763285024 0.19546666666666662
2 0.3623228663446055 0.51484 0.04583735909822867 0.0939466666666667
2 0.30706924315619966 0.49810666666666664 0.05489533011272142 0.12880000000000003
2 0.5982125603864734 0.49230666666666667 0.04847020933977459 0.09181333333333334
2 0.5338848631239936 0.44064000000000003 0.025289855072463743 0.0904533333333333
2 0.635084541062802 0.48466666666666663 0.050603864734299536 0.09797333333333336
3 0.5022020933977456 0.4282533333333333 0.024355877616747183 0.12583999999999998
2 0.20901771336553948 0.51648 0.06834138486312401 0.09669333333333331
2 0.13101449275362317 0.5213466666666666 0.061417069243156215 0.08658666666666666
