2 0.12450080515297907 0.7779866666666666 0.24900161030595813 0.43869333333333327
2 0.9098631239935587 0.72908 0.17866344605475037 0.5365066666666667
2 0.3260829307568438 0.6290933333333334 0.10802737520128822 0.2950933333333333
2 0.3665942028985507 0.5926266666666666 0.09101449275362315 0.18690666666666658
2 0.6775885668276973 0.4708533333333333 0.05480676328502419 0.06032000000000001
2 0.8731239935587762 0.75048 0.2065539452495975 0.4937066666666666
2 0.8293961352657004 0.63812 0.14085346215780994 0.34264
2 0.6722826086956522 0.5232 0.133743961352657 0.16474666666666665
2 0.9974919484702093 0.54816 0.00340579710144929 0.19365333333333334
2 0.8962157809983896 0.5172533333333333 0.10114331723027385 0.11845333333333337
