2 0.534098228663446 0.6987599999999999 0.14178743961352658 0.44312
2 0.971062801932367 0.7373733333333333 0.05626409017713374 0.5199199999999999
2 0.629291465378422 0.5315066666666667 0.09882447665056361 0.15250666666666665
2 0.5845813204508856 0.5128 0.05954911433172296 0.09610666666666665
2 0.5647866344605474 0.50444 0.05363123993558777 0.0724
2 0.38423913043478264 0.52964 0.04206924315619968 0.08802666666666664
2 0.10779790660225443 0.61992 0.15432367149758455 0.19925333333333325
2 0.4581843800322062 0.4945866666666667 0.022745571658615137 0.05018666666666664
2 0.4915499194847021 0.48467999999999994 0.018059581320450938 0.041999999999999996
2 0.31329307568438003 0.5344 0.058711755233494374 0.09498666666666668
2 0.343341384863124 0.5165599999999999 0.04045088566827698 0.09626666666666665
2 0.38595813204508855 0.5072933333333334 0.03513687600644121 0.06488000000000003
2 0.4303019323671497 0.4987333333333333 0.03221417069243165 0.046373333333333294
2 0.21981884057971013 0.5313866666666666 0.0625523349436393 0.09775999999999999
2 0.20995169082125603 0.5171333333333333 0.06645732689210947 0.07224000000000001
