0 0.43165589660743137 0.7084090909090909 0.07269789983844911 0.5778342245989305
0 0.43550080775444266 0.6910561497326202 0.08618739903069467 0.48703208556149724
0 0.3070072697899839 0.6905080213903743 0.04819870759289178 0.4669518716577539
0 0.22741518578352185 0.6474732620320856 0.04361873990306949 0.37943850267379686
0 0.4233723747980614 0.6119652406417112 0.0723828756058159 0.36751336898395726
0 0.31656300484652666 0.6590641711229946 0.04953957996768981 0.3741711229946523
0 0.3636995153473344 0.5733021390374332 0.025848142164781908 0.2891176470588236
0 0.3819184168012924 0.6158422459893047 0.042269789983844945 0.3556951871657753
2 0.3453352180936995 0.5772058823529411 0.09118739903069471 0.20933155080213908
0 0.5375121163166399 0.501711229946524 0.01562197092084009 0.13877005347593582
0 0.4548303715670437 0.511283422459893 0.01373182552504039 0.12540106951871652
