2 0.4821658615136876 0.5635733333333334 0.04768115942028988 0.13135999999999998
2 0.1449597423510467 0.6784399999999999 0.17115942028985506 0.3352266666666666
2 0.2909782608695652 0.7691866666666666 0.21065217391304347 0.42567999999999995
2 0.3683091787439614 0.6338933333333333 0.09241545893719809 0.25045333333333336
2 0.3926851851851852 0.59148 0.06785024154589375 0.16759999999999997
2 0.314194847020934 0.5807866666666666 0.09421900161030594 0.14466666666666667
2 0.4416787439613527 0.5315333333333333 0.02591787439613522 0.06584
2 0.8411513687600645 0.7694266666666666 0.3160869565217392 0.45581333333333335
2 0.6888607085346217 0.74832 0.20498389694041871 0.41728000000000004
2 0.600450885668277 0.6058 0.08919484702093396 0.23394666666666672
2 0.5262842190016103 0.5409466666666667 0.035628019323671496 0.08861333333333331
3 0.5221698872785829 0.48124 0.04345410628019326 0.16829333333333335
2 0.2080917874396135 0.54152 0.06533011272141706 0.08890666666666668
2 0.4771940418679549 0.53792 0.03002415458937204 0.092
2 0.08809581320450886 0.5721999999999999 0.10453301127214172 0.13176
