2 0.271515522875817 0.6905000000000001 0.20237745098039217 0.4024594594594595
1 0.9851674836601307 0.4556351351351352 0.028031045751633944 0.2137027027027027
0 0.5066462418300653 0.5266621621621622 0.0378349673202614 0.22532432432432434
1 0.7522957516339869 0.4653648648648649 0.041192810457516306 0.11937837837837843
0 0.3362173202614379 0.551 0.027990196078431413 0.26027027027027033
1 0.7443464052287582 0.4697972972972973 0.024575163398692843 0.14164864864864865
0 0.13560866013071898 0.5730945945945947 0.027066993464052308 0.1858648648648649
0 0.11592728758169933 0.5806621621621622 0.023374183006535935 0.1811081081081081
1 0.28175653594771244 0.5663648648648649 0.0759313725490196 0.2304594594594595
0 0.11763071895424836 0.5770675675675676 0.030016339869281043 0.19116216216216214
0 0.07558823529411766 0.5877972972972973 0.041421568627450986 0.24251351351351358
0 0.20144199346405228 0.5564729729729729 0.02193627450980394 0.23251351351351354
2 0.9436887254901961 0.45675675675675675 0.11098856209150319 0.1043243243243244
