2 0.1340217391304348 0.7812133333333333 0.2680434782608696 0.43224
2 0.8484178743961354 0.7604133333333333 0.3015539452495974 0.47384
2 0.6823268921095008 0.7219333333333333 0.19731078904991953 0.39693333333333325
2 0.2804186795491143 0.7220799999999999 0.18125603864734297 0.3535466666666666
2 0.3509661835748792 0.6371866666666667 0.08183574879227057 0.21010666666666655
2 0.3875684380032206 0.6047333333333333 0.06359098228663447 0.1529866666666667
2 0.6101127214170692 0.61516 0.09613526570048317 0.21666666666666665
2 0.5801892109500806 0.5791733333333333 0.05905797101449277 0.1519466666666667
2 0.7584742351046698 0.5176666666666666 0.09702898550724637 0.14498666666666668
2 0.5317632850241546 0.5415599999999999 0.03136876006441218 0.07362666666666662
2 0.49400966183574874 0.5352399999999999 0.025346215780998313 0.05026666666666665
2 0.4689653784219001 0.5281733333333333 0.030362318840579647 0.04424000000000001
1 0.42978663446054755 0.5287466666666666 0.011328502415458977 0.05008
