2 0.24611916264090178 0.7449199999999999 0.20341384863123993 0.4326133333333333
2 0.8774919484702094 0.7556266666666667 0.24340579710144922 0.4834133333333333
2 0.710511272141707 0.729 0.22422705314009664 0.47575999999999996
2 0.6095088566827697 0.6039866666666667 0.11352657004830918 0.2346933333333333
2 0.3387882447665056 0.6329066666666666 0.10759259259259259 0.22591999999999998
2 0.3749074074074074 0.5798 0.0588003220611916 0.15458666666666665
2 0.39958534621578096 0.5601333333333334 0.050088566827697245 0.12005333333333336
2 0.5772826086956522 0.56616 0.06950885668276967 0.1589333333333334
2 0.558623188405797 0.5408799999999999 0.04697262479871178 0.12069333333333337
2 0.7145571658615137 0.48624 0.08056360708534617 0.12528000000000006
2 0.5212359098228664 0.5092 0.028188405797101444 0.06538666666666669
2 0.46325684380032206 0.5041066666666667 0.028752012882447695 0.040906666666666675
1 0.43867552334943644 0.5020666666666667 0.012874396135265708 0.044986666666666675
