2 0.4955555555555556 0.5258666666666666 0.03600644122383255 0.11279999999999996
2 0.9648792270531402 0.7066933333333333 0.06863123993558777 0.5812799999999999
2 0.8152536231884059 0.7348266666666666 0.25388888888888894 0.5250133333333333
2 0.72 0.6127999999999999 0.1874074074074074 0.3478933333333333
2 0.6740257648953301 0.5826666666666667 0.13144927536231885 0.2247466666666666
2 0.6378824476650563 0.5531333333333334 0.12190016103059588 0.16808
2 0.42109098228663444 0.5002666666666666 0.020813204508856657 0.04549333333333334
2 0.35381642512077294 0.5450133333333333 0.05019323671497587 0.10570666666666663
2 0.582169887278583 0.51624 0.07965378421900157 0.10666666666666666
2 0.5585587761674718 0.50528 0.06246376811594197 0.08032000000000002
2 0.5399074074074075 0.4859466666666667 0.049444444444444416 0.07541333333333333
2 0.3755233494363929 0.5004666666666667 0.027632850241545888 0.06024000000000001
2 0.3532085346215781 0.4970133333333333 0.017850241545893687 0.04538666666666662
