2 0.05123590982286634 0.7343866666666666 0.10247181964573268 0.5258933333333333
2 0.10215780998389694 0.6227733333333334 0.20431561996779388 0.48608
1 0.3700805152979066 0.5829333333333333 0.03144927536231884 0.20314666666666667
2 0.9614492753623187 0.75352 0.07549114331723027 0.4876266666666667
2 0.8739492753623188 0.7183999999999999 0.25049114331723027 0.4568533333333333
2 0.7998832528180354 0.64896 0.2769001610305959 0.2973866666666667
2 0.7499838969404187 0.5892533333333333 0.20397745571658626 0.2855466666666666
2 0.28054347826086956 0.5645066666666666 0.14334138486312398 0.1526933333333333
2 0.31338969404186795 0.5513066666666667 0.11652173913043476 0.13295999999999997
2 0.5317431561996779 0.5416000000000001 0.04690016103059581 0.11440000000000002
2 0.3756602254428341 0.5139866666666667 0.06268921095008052 0.0814666666666667
2 0.509194847020934 0.5084666666666667 0.025136876006441246 0.07026666666666664
2 0.4904589371980676 0.4724666666666667 0.013703703703703688 0.05378666666666663
