2 0.8831682769726248 0.6529466666666666 0.2320531400966184 0.6887733333333333
2 0.2031400966183575 0.6180399999999999 0.406280193236715 0.7585866666666667
0 0.6461835748792271 0.5279066666666666 0.02576489533011272 0.1856266666666667
1 0.40359500805152976 0.54812 0.022761674718196442 0.1653066666666666
1 0.4178140096618357 0.5238266666666667 0.015305958132045036 0.13032000000000002
2 0.10004428341384863 0.7623333333333333 0.20008856682769727 0.47
2 0.5777576489533012 0.5599333333333333 0.06300322061191627 0.16903999999999997
2 0.5534903381642512 0.5302933333333334 0.050684380032206065 0.14778666666666662
0 0.4945652173913043 0.48233333333333334 0.008051529790660225 0.07186666666666663
0 0.4993880837359098 0.48549333333333333 0.007520128824476584 0.06997333333333336
2 0.4459299516908213 0.4876266666666667 0.017608695652173916 0.06021333333333336
