1 0.9476674836601306 0.5220810810810811 0.0979166666666666 0.28497297297297297
0 0.8080187908496732 0.4881486486486487 0.019354575163398738 0.17613513513513512
0 0.0953390522875817 0.6515675675675675 0.1906781045751634 0.6914594594594595
0 0.061401143790849676 0.626418918918919 0.12280228758169935 0.7417567567567568
0 0.6022549019607844 0.5561081081081081 0.031601307189542446 0.2510810810810811
1 0.735923202614379 0.5213648648648648 0.07220588235294118 0.21494594594594596
1 0.9650612745098041 0.49783783783783786 0.06824346405228757 0.2267027027027027
0 0.8647671568627451 0.5432297297297298 0.03574346405228758 0.31916216216216226
0 0.8856903594771243 0.5420675675675676 0.036413398692810406 0.3849459459459459
0 0.8732148692810459 0.5600135135135135 0.026200980392156813 0.3032702702702703
2 0.4905800653594772 0.4627837837837839 0.015571895424836557 0.0582162162162162
