2 0.7150442834138486 0.5360266666666667 0.2125523349436393 0.24805333333333335
2 0.9328663446054749 0.4482666666666667 0.1075040257648955 0.10624
2 0.9018115942028987 0.45314666666666664 0.1023832528180355 0.09866666666666667
2 0.8747544283413848 0.44897333333333334 0.10073268921095009 0.09789333333333335
2 0.3608373590982286 0.5515599999999999 0.056022544283413835 0.13911999999999997
2 0.43080112721417074 0.53164 0.044114331723027395 0.11367999999999999
2 0.6644363929146538 0.46673333333333333 0.09241545893719805 0.11613333333333337
2 0.7509661835748792 0.4514933333333333 0.04534621578099843 0.08517333333333332
2 0.836988727858293 0.43461333333333335 0.05264090177133655 0.09962666666666663
2 0.7816666666666667 0.45081333333333334 0.050724637681159424 0.07735999999999997
2 0.3834460547504026 0.5381066666666666 0.04729468599033817 0.1074666666666667
2 0.5329911433172303 0.5008666666666666 0.03203703703703701 0.07261333333333331
2 0.4898470209339774 0.5050399999999999 0.022415458937198002 0.059146666666666604
