2 0.4909460547504026 0.53016 0.04459742351046707 0.12005333333333328
2 0.14281400966183574 0.7728933333333332 0.2856280193236715 0.44888
2 0.08902173913043478 0.7278399999999999 0.17804347826086955 0.41039999999999993
2 0.2755072463768116 0.5826 0.11946859903381642 0.19197333333333336
2 0.31032206119162636 0.5557599999999999 0.10932367149758457 0.17487999999999995
2 0.35338969404186793 0.5345733333333333 0.07969404186795488 0.10722666666666661
2 0.4381843800322061 0.5355733333333333 0.04332528180354263 0.10410666666666672
2 0.39497181964573264 0.5069466666666667 0.0662238325281803 0.08610666666666664
2 0.5864251207729468 0.5663866666666666 0.07156199677938808 0.17095999999999995
3 0.5689895330112721 0.44234666666666667 0.07280998389694038 0.27552
0 0.6331400966183575 0.51464 0.01904991948470216 0.15925333333333333
2 0.040861513687600645 0.5765199999999999 0.08172302737520129 0.15965333333333334
2 0.4917351046698873 0.5051333333333333 0.028574879227053148 0.08632000000000001
2 0.2232769726247987 0.5189466666666667 0.05962962962962961 0.09208
