2 0.37456699346405226 0.5641351351351351 0.08813725490196078 0.19594594594594594
1 0.7866584967320261 0.4666216216216217 0.061928104575163366 0.17216216216216215
1 0.722781862745098 0.46567567567567575 0.048308823529411765 0.14632432432432438
0 0.44977124183006534 0.510472972972973 0.019493464052287593 0.14997297297297302
1 0.5920098039215687 0.4774054054054054 0.032075163398692805 0.0983783783783784
0 0.3414174836601307 0.5221216216216217 0.01767156862745098 0.16624324324324322
1 0.6829003267973857 0.47336486486486484 0.02135620915032688 0.10662162162162167
0 0.2054656862745098 0.5430810810810811 0.017140522875817008 0.12972972972972974
0 0.20124591503267975 0.5469324324324325 0.01894607843137257 0.1250540540540541
1 0.26601715686274513 0.5429324324324324 0.05677287581699347 0.16683783783783782
0 0.27446078431372556 0.5342972972972974 0.0171078431372549 0.12870270270270273
0 0.26901143790849674 0.5396486486486487 0.020947712418300644 0.15632432432432433
0 0.34068627450980393 0.5156621621621622 0.013349673202614406 0.1599189189189189
2 0.9262540849673204 0.44004054054054054 0.10162581699346414 0.09699999999999998
2 0.8398856209150327 0.468 0.08931372549019612 0.08091891891891892
