2 0.48015713134568894 0.5182180851063829 0.02953263497179701 0.0888829787234043
2 0.07981063658340048 0.7735505319148936 0.15962127316680097 0.4475797872340425
2 0.24033843674456082 0.5887765957446808 0.10398066075745363 0.17335106382978724
2 0.3527558420628525 0.6152393617021277 0.1029975825946817 0.2165425531914894
2 0.318593875906527 0.5484175531914893 0.05983078162771958 0.1134308510638298
2 0.3951289282836422 0.5396941489361702 0.04566478646253028 0.0961436170212766
2 0.4272441579371475 0.4842021276595745 0.03266720386784852 0.12260638297872346
2 0.0501651893634166 0.6084973404255318 0.1003303787268332 0.21662234042553188
2 0.2054351329572925 0.555877659574468 0.07776792908944398 0.11202127659574469
2 0.2623932312651088 0.5281648936170212 0.0584850926672039 0.10164893617021276
