2 0.5817753623188406 0.56328 0.08090982286634452 0.29136000000000006
2 0.3268115942028985 0.60752 0.12690821256038648 0.2088533333333334
2 0.22990740740740737 0.5769733333333333 0.14952495974235103 0.26210666666666665
2 0.49147745571658613 0.5331866666666666 0.05313204508856684 0.13442666666666667
2 0.8456642512077295 0.5666666666666667 0.1511030595813205 0.22576000000000007
2 0.6278019323671498 0.4916266666666667 0.03716586151368757 0.10847999999999994
2 0.6688123993558776 0.4570666666666667 0.04372785829307573 0.1353066666666667
2 0.9256038647342995 0.5529999999999999 0.14718196457326888 0.24210666666666672
2 0.9791505636070854 0.5605066666666666 0.040088566827697236 0.1768533333333333
3 0.6174959742351047 0.43424 0.04317230273752013 0.18975999999999996
2 0.07970209339774557 0.6121466666666666 0.15940418679549115 0.19432
2 0.018494363929146537 0.60308 0.036988727858293075 0.14034666666666665
