2 0.3361437908496732 0.6151351351351352 0.12771241830065364 0.27
1 0.9315277777777778 0.4640945945945946 0.09089869281045751 0.22737837837837838
1 0.8431903594771243 0.46113513513513515 0.06242647058823527 0.1772432432432432
0 0.47281045751633993 0.5190270270270271 0.02635620915032679 0.18291891891891895
1 0.6636601307189542 0.4718243243243243 0.03627450980392155 0.10889189189189187
0 0.3389828431372549 0.528972972972973 0.020138888888888918 0.2072972972972973
1 0.7133864379084968 0.4708648648648649 0.023521241830065424 0.12383783783783783
0 0.1738357843137255 0.5571081081081082 0.026821895424836588 0.15578378378378377
0 0.16681781045751634 0.5645135135135135 0.024616013071895423 0.1506486486486487
1 0.2647916666666667 0.5537567567567567 0.06669117647058824 0.19756756756756758
0 0.20917892156862744 0.5562027027027028 0.023112745098039233 0.15629729729729733
0 0.1851062091503268 0.5636081081081082 0.026094771241830066 0.19332432432432434
0 0.2815277777777778 0.5365135135135135 0.016535947712418262 0.19340540540540543
2 0.9641993464052286 0.4262432432432432 0.069967320261438 0.10902702702702705
2 0.8926797385620914 0.4560945945945946 0.10521241830065357 0.09267567567567565
