2 0.25989130434782604 0.6528 0.15102254428341386 0.28624000000000005
2 0.9726529790660224 0.7585733333333334 0.05308373590982292 0.47751999999999994
2 0.8338285024154589 0.7473733333333332 0.3001529790660225 0.49992
2 0.33962157809983895 0.5848933333333333 0.08966183574879229 0.17778666666666662
2 0.6735024154589372 0.61608 0.12276972624798713 0.2631466666666667
2 0.3767753623188406 0.55796 0.06860708534621576 0.13010666666666665
2 0.6174718196457327 0.5668666666666666 0.082463768115942 0.18269333333333337
2 0.4338003220611916 0.51524 0.030595813204508857 0.07538666666666662
2 0.5919927536231884 0.54316 0.05506441223832536 0.13741333333333333
2 0.5796900161030596 0.5254266666666666 0.04128019323671496 0.1094666666666667
