2 0.49682769726247983 0.5243866666666666 0.03462157809983897 0.10845333333333329
2 0.04096618357487923 0.6308133333333333 0.08193236714975846 0.2662133333333334
2 0.8482045088566827 0.7032666666666667 0.22916264090177135 0.5304266666666666
2 0.7484219001610306 0.6206266666666667 0.18407407407407397 0.32136000000000003
2 0.6638607085346215 0.5810266666666666 0.14174718196457323 0.22189333333333336
2 0.6241827697262479 0.5518133333333334 0.1134219001610306 0.1946133333333333
2 0.6108695652173913 0.53936 0.1034621578099839 0.14784
2 0.5930877616747182 0.5251333333333333 0.09050724637681166 0.13576
2 0.5785024154589372 0.5115066666666667 0.07212560386473424 0.09064000000000003
2 0.42663446054750404 0.5040399999999999 0.019790660225442777 0.04802666666666672
2 0.5413687600644123 0.49348 0.045491143317230275 0.056666666666666664
2 0.5323993558776168 0.48346666666666666 0.039114331723027314 0.0586133333333333
2 0.4015056360708535 0.49367999999999995 0.020531400966183576 0.047786666666666706
