2 0.49191223832528175 0.5420533333333333 0.04706119162640896 0.12672000000000003
2 0.2674235104669887 0.6001866666666666 0.1481803542673108 0.21445333333333322
2 0.31547906602254433 0.58128 0.11661030595813203 0.16490666666666667
2 0.35173107890499195 0.53828 0.07386473429951691 0.11981333333333334
2 0.4284057971014492 0.5528 0.053268921095008026 0.11498666666666668
2 0.6655595813204509 0.54812 0.19150563607085339 0.534
2 0.5802818035426731 0.56276 0.07207729468599032 0.16525333333333334
2 0.5603140096618358 0.5479333333333333 0.052769726247987085 0.11837333333333329
2 0.5484057971014493 0.5174133333333333 0.037697262479871124 0.10725333333333333
2 0.5205998389694042 0.5034 0.02253623188405798 0.05805333333333336
2 0.11375603864734299 0.6230933333333333 0.15005636070853462 0.2125333333333333
2 0.2079951690821256 0.5446 0.12679549114331723 0.23719999999999997
2 0.49095813204508854 0.5188266666666667 0.03136876006441227 0.09482666666666667
2 0.08639694041867954 0.5606266666666667 0.09789855072463768 0.1326133333333333
