2 0.5118115942028986 0.58368 0.07713365539452502 0.24133333333333332
2 0.8854549114331725 0.6240666666666667 0.22747987117552332 0.7465333333333333
2 0.6847222222222222 0.5792533333333333 0.15548309178743963 0.26042666666666675
2 0.586928341384863 0.49967999999999996 0.07155394524959743 0.10351999999999997
2 0.5613325281803543 0.49248000000000003 0.04710950080515297 0.07343999999999998
2 0.5496336553945249 0.4852666666666666 0.044243156199677974 0.05783999999999999
2 0.04359098228663446 0.61308 0.08718196457326892 0.2765599999999999
2 0.14666264090177134 0.5690933333333333 0.1306199677938808 0.19482666666666668
2 0.24820048309178744 0.5506666666666666 0.07712560386473431 0.1152533333333334
2 0.3510547504025765 0.50632 0.042141706924315646 0.07226666666666665
2 0.3707769726247987 0.49412 0.03053945249597424 0.0771466666666666
2 0.40059983896940415 0.48829333333333336 0.028317230273752027 0.05386666666666671
2 0.4353462157809984 0.48237333333333327 0.027053140096618376 0.04037333333333337
2 0.058683574879227055 0.5606133333333334 0.10158615136876006 0.15472000000000002
