0 0.5409313725490197 0.46327027027027035 0.01715686274509804 0.16443243243243244
0 0.24394607843137253 0.5367297297297299 0.029411764705882353 0.32708108108108114
0 0.4737867647058823 0.5580675675675676 0.025057189542483628 0.2616486486486486
0 0.5016952614379085 0.549 0.03731209150326794 0.2792972972972973
0 0.6105351307189544 0.5222702702702703 0.03376633986928108 0.2632972972972973
0 0.4453921568627451 0.4994864864864865 0.022875816993464054 0.23032432432432434
0 0.42864787581699343 0.4870405405405405 0.019060457516339904 0.21018918918918922
0 0.39932598039215683 0.4871621621621622 0.019877450980392144 0.22437837837837835
0 0.37232026143790853 0.49075675675675673 0.02315359477124181 0.22935135135135132
0 0.46554738562091497 0.4526621621621622 0.014428104575163372 0.14602702702702705
0 0.5123529411764706 0.4577567567567568 0.0196078431372549 0.14443243243243242
0 0.3336683006535948 0.46554054054054056 0.01797385620915033 0.16616216216216223
2 0.10946078431372548 0.49864864864864866 0.21892156862745096 0.9972972972972973
