2 0.9087721417069242 0.5306666666666666 0.18084541062801934 0.29039999999999994
2 0.9522342995169082 0.55152 0.0939210950080516 0.1890666666666667
2 0.09672705314009662 0.71696 0.19345410628019324 0.43429333333333336
2 0.11902173913043478 0.6298133333333333 0.23804347826086955 0.3180266666666666
2 0.18517713365539454 0.5765199999999999 0.25507246376811593 0.29597333333333337
2 0.30280595813204514 0.5266933333333333 0.14308373590982285 0.18981333333333333
2 0.3212278582930757 0.5389733333333333 0.13111916264090173 0.1397066666666667
2 0.24152576489533012 0.5611200000000001 0.18041062801932367 0.20106666666666667
2 0.4114210950080515 0.4925466666666667 0.0737761674718196 0.07650666666666665
2 0.8317351046698872 0.5045333333333333 0.10561191626409014 0.15157333333333334
2 0.5777576489533012 0.49828000000000006 0.07838164251207731 0.09256000000000002
