2 0.49261079774375494 0.5452925531914894 0.05529411764705883 0.1662765957446808
2 0.12419822723609991 0.5230984042553192 0.24839645447219982 0.9484840425531914
2 0.09846897663174858 0.6349601063829787 0.19693795326349717 0.2776861702127659
2 0.23926672038678484 0.5702925531914894 0.09376309427880743 0.1653191489361702
2 0.343638195004029 0.5799734042553191 0.0963819500402901 0.22292553191489367
2 0.31052780016116033 0.5371941489361702 0.05776792908944399 0.10470744680851057
2 0.39243352135374693 0.5309175531914894 0.04809024979854956 0.11598404255319152
2 0.41190169218372275 0.5169946808510638 0.030378726833199022 0.07164893617021284
2 0.4286744560838034 0.5086037234042553 0.02519742143432714 0.06082446808510632
2 0.2763053988718775 0.5337632978723404 0.05501208702659144 0.08869680851063828
