2 0.528828502415459 0.5314133333333333 0.034371980676328455 0.08165333333333334
2 0.3537520128824477 0.5402399999999999 0.09790660225442836 0.11717333333333332
2 0.29154589371980677 0.57464 0.1344122383252818 0.16288000000000002
2 0.6631441223832528 0.5647733333333332 0.13132850241545885 0.16016
2 0.21510869565217394 0.58748 0.20261674718196457 0.2644533333333333
2 0.17330917874396135 0.6319066666666666 0.2578421900161031 0.2777333333333334
2 0.13369162640901772 0.6868666666666666 0.26738325281803543 0.35192
2 0.0792914653784219 0.7449066666666667 0.1585829307568438 0.4714666666666667
2 0.8721537842190016 0.6616799999999999 0.2540821256038648 0.34810666666666656
2 0.9117834138486312 0.73292 0.17482286634460548 0.43368000000000007
