2 0.6970933977455717 0.6942399999999999 0.18610305958132045 0.4569599999999999
2 0.10080515297906602 0.7311466666666666 0.20161030595813204 0.4710933333333333
2 0.13390901771336552 0.6436266666666666 0.26781803542673105 0.34223999999999993
2 0.1713003220611916 0.5940533333333332 0.1998953301127214 0.32933333333333326
2 0.22103462157809983 0.5903466666666667 0.1577375201288245 0.19861333333333336
2 0.2985507246376812 0.5723866666666666 0.13273752012882448 0.16626666666666665
2 0.32718599033816426 0.56092 0.11896135265700483 0.15730666666666668
2 0.33397342995169077 0.5440133333333333 0.09276167471819644 0.15021333333333328
2 0.3450805152979066 0.5305333333333333 0.1123671497584541 0.13637333333333337
2 0.3687278582930757 0.52552 0.07892109500805156 0.10335999999999997
2 0.3916908212560386 0.4982533333333333 0.06896940418679547 0.10637333333333329
1 0.4651409017713366 0.4959466666666667 0.006223832528180369 0.05327999999999997
2 0.5647262479871176 0.5556133333333334 0.049549114331722995 0.1315466666666667
2 0.624915458937198 0.5188933333333333 0.09055555555555558 0.12317333333333333
2 0.5754106280193237 0.5048533333333333 0.05566827697262479 0.08277333333333331
2 0.5180636070853462 0.50176 0.020024154589371984 0.050773333333333386
