2 0.897073268921095 0.7513866666666666 0.2042431561996779 0.49189333333333335
2 0.07931964573268921 0.7852933333333334 0.15863929146537842 0.42408
2 0.36879227053140096 0.5530933333333333 0.04413848631239935 0.10112000000000004
2 0.5420410628019323 0.51232 0.03652979066022544 0.09370666666666663
2 0.38797504025764895 0.5375466666666666 0.037753623188405784 0.08159999999999998
2 0.4091022544283414 0.5191866666666667 0.02981481481481484 0.0813066666666667
2 0.08863929146537843 0.5879866666666667 0.07033816425120774 0.08557333333333333
2 0.12724235104669887 0.5817333333333333 0.06322866344605477 0.08314666666666669
2 0.16219806763285025 0.57336 0.06718196457326892 0.08997333333333335
2 0.20360305958132044 0.57496 0.05888083735909822 0.0897066666666667
