2 0.49698470209339773 0.5237466666666667 0.03469404186795485 0.10866666666666666
2 0.02355072463768116 0.6319866666666667 0.04710144927536232 0.2647733333333333
2 0.8900402576489533 0.7134666666666667 0.21830917874396133 0.5677333333333333
2 0.7765982286634461 0.64256 0.20053945249597419 0.36576000000000003
2 0.6795813204508856 0.5896666666666667 0.15289855072463765 0.2431733333333334
2 0.6327214170692432 0.5581866666666666 0.11956521739130435 0.20911999999999997
2 0.617085346215781 0.5432533333333334 0.10874396135265706 0.15664000000000003
2 0.5979388083735909 0.5271333333333333 0.09462157809983895 0.14242666666666665
2 0.5812157809983897 0.51296 0.07447665056360708 0.09397333333333328
2 0.42386473429951693 0.5063466666666666 0.020692431561996724 0.05013333333333336
2 0.5568236714975846 0.5004 0.05615942028985507 0.07237333333333329
2 0.542097423510467 0.49344000000000005 0.04646537842190019 0.05791999999999999
2 0.5330555555555556 0.4830933333333333 0.03970209339774562 0.05967999999999998
2 0.39992351046698876 0.49324 0.02095813204508859 0.04861333333333338
2 0.37941626409017715 0.49135999999999996 0.013985507246376816 0.03781333333333335
