2 0.8560829307568439 0.62048 0.28622383252818034 0.36933333333333335
2 0.06353059581320451 0.6299333333333333 0.12706119162640903 0.7348
2 0.09181159420289856 0.654 0.1836231884057971 0.33360000000000006
2 0.5793478260869565 0.4995333333333333 0.08423510466988728 0.2630133333333333
2 0.25277777777777777 0.57248 0.17845410628019323 0.18858666666666665
2 0.32177133655394524 0.53024 0.1323510466988728 0.17584
2 0.5356320450885669 0.47315999999999997 0.04065217391304349 0.14519999999999997
2 0.37651368760064413 0.5051466666666666 0.058003220611916234 0.08698666666666667
2 0.39414653784219006 0.5028133333333333 0.06487922705314013 0.08664000000000002
2 0.4241626409017713 0.4656133333333334 0.0595330112721417 0.0966133333333333
