2 0.5024516908212561 0.5438533333333333 0.05611111111111106 0.17565333333333333
2 0.9642834138486311 0.7403066666666667 0.0698228663446055 0.5140533333333334
2 0.8340217391304348 0.6513599999999999 0.21308373590982294 0.48874666666666655
2 0.6622906602254429 0.52516 0.15163446054750407 0.2828533333333333
2 0.6031239935587761 0.51876 0.09544283413848638 0.14125333333333331
2 0.5618961352657005 0.4851733333333333 0.056626409017713306 0.07818666666666664
2 0.5476368760064412 0.4808266666666667 0.03907407407407405 0.05983999999999999
2 0.18706924315619966 0.54596 0.11412238325281802 0.17272
2 0.333756038647343 0.4775466666666666 0.0882850241545894 0.2354666666666666
2 0.2599516908212561 0.53144 0.07132045088566827 0.12490666666666667
2 0.3093880837359098 0.5247333333333333 0.049597423510467004 0.08125333333333333
2 0.37329307568438 0.49289333333333335 0.032914653784219 0.0585333333333333
2 0.38735507246376816 0.48314666666666667 0.02417874396135268 0.06389333333333336
2 0.4103502415458937 0.4798 0.023969404186795478 0.046586666666666665
2 0.19195652173913044 0.53032 0.05766505636070856 0.10357333333333334
