2 0.6542190016103059 0.6355866666666665 0.14964573268921097 0.37197333333333327
2 0.04208132045088567 0.7696666666666666 0.08416264090177134 0.4553333333333333
2 0.1061916264090177 0.71888 0.2123832528180354 0.4039466666666666
2 0.13735909822866343 0.6550266666666666 0.27471819645732687 0.32402666666666663
2 0.20166666666666666 0.6241333333333333 0.19929146537842193 0.23258666666666672
2 0.5923711755233494 0.5804933333333333 0.08324476650563606 0.18264000000000002
2 0.5527777777777777 0.53252 0.04508856682769726 0.13240000000000002
2 0.3414170692431562 0.5441733333333333 0.11024154589371982 0.13170666666666664
2 0.35372785829307574 0.5246533333333333 0.07454106280193236 0.1345333333333333
2 0.38863526570048307 0.5266266666666667 0.06446859903381646 0.08359999999999998
2 0.5299074074074074 0.5133866666666665 0.026465378421900165 0.07157333333333334
