0 0.2611437908496732 0.4967432432432433 0.016339869281045753 0.13343243243243239
0 0.3402369281045752 0.4875405405405405 0.011437908496732027 0.09486486486486485
0 0.2593709150326798 0.46998648648648644 0.011437908496732027 0.09937837837837842
2 0.829187091503268 0.5540405405405406 0.08845588235294116 0.13024324324324324
2 0.8942687908496733 0.557445945945946 0.09881535947712422 0.12467567567567567
2 0.947920751633987 0.5591756756756756 0.10252450980392158 0.12629729729729727
0 0.281952614379085 0.472945945945946 0.011160130718954268 0.10589189189189191
0 0.269546568627451 0.4762837837837839 0.015923202614379094 0.09316216216216217
0 0.04988153594771242 0.5556621621621622 0.03404411764705883 0.286027027027027
0 0.02234885620915033 0.5359864864864865 0.03785130718954249 0.29035135135135137
0 0.44449346405228757 0.5934324324324325 0.04493464052287582 0.303891891891892
0 0.5610988562091505 0.5754729729729731 0.03486111111111108 0.3224594594594594
1 0.33508169934640525 0.5310405405405406 0.028349673202614372 0.18505405405405406
2 0.5062254901960784 0.5021486486486487 0.02947712418300648 0.07624324324324327
0 0.24756535947712419 0.47272972972972976 0.010620915032679739 0.09870270270270266
0 0.1862091503267974 0.47352702702702704 0.011715686274509807 0.11862162162162167
0 0.8761764705882353 0.5244594594594595 0.0196078431372549 0.09805405405405407
