2 0.1021658615136876 0.7142400000000001 0.2043317230273752 0.42869333333333337
2 0.12340982286634461 0.6415866666666665 0.24681964573268922 0.3239733333333333
2 0.6122906602254428 0.61312 0.09308373590982287 0.2088533333333333
2 0.21953301127214167 0.6132133333333333 0.1900966183574879 0.24994666666666662
2 0.26136070853462157 0.5797199999999999 0.14993558776167473 0.23762666666666662
2 0.3034541062801932 0.5595733333333333 0.11198067632850241 0.16992
2 0.6611876006441223 0.5619066666666667 0.1148711755233494 0.12312000000000003
2 0.3527133655394525 0.5037866666666667 0.090402576489533 0.15552000000000005
2 0.5271014492753624 0.49135999999999996 0.03314009661835746 0.11413333333333328
2 0.3872141706924315 0.5159333333333334 0.06942028985507244 0.07703999999999996
2 0.40431561996779386 0.5065733333333333 0.06074074074074074 0.08354666666666662
2 0.513852657004831 0.4802133333333333 0.022552334943639285 0.08783999999999999
