2 0.5223953301127214 0.6155066666666666 0.0841143317230273 0.26392
2 0.6350563607085347 0.5459466666666666 0.10405797101449277 0.16133333333333333
2 0.5864331723027374 0.5278133333333334 0.0615136876006441 0.1006933333333333
2 0.5666022544283414 0.5191066666666666 0.05502415458937201 0.07549333333333334
2 0.21290660225442834 0.6320933333333334 0.1268276972624799 0.2233333333333334
2 0.08294685990338165 0.6449199999999999 0.1658937198067633 0.2174666666666667
2 0.4202334943639292 0.51952 0.03149758454106281 0.07029333333333337
2 0.4654066022544284 0.5041066666666666 0.022697262479871128 0.05269333333333331
2 0.49146940418679547 0.4939866666666667 0.018059581320450845 0.041839999999999995
2 0.30640901771336554 0.5488799999999999 0.06167471819645735 0.10021333333333336
2 0.33882045088566826 0.5298266666666667 0.04245571658615138 0.09896000000000003
2 0.38206924315619967 0.5183599999999999 0.03619967793880836 0.06706666666666668
2 0.42745974235104667 0.5123866666666665 0.032906602254428347 0.048080000000000005
2 0.20952093397745575 0.5446133333333333 0.06512882447665058 0.10218666666666665
2 0.1979106280193237 0.5283866666666666 0.06970209339774554 0.07586666666666671
