2 0.5088477034649476 0.5158244680851063 0.019178082191780785 0.053138297872340395
2 0.20702659145850116 0.6913031914893617 0.202030620467365 0.3907446808510638
2 0.0300201450443191 0.6673005319148936 0.0600402900886382 0.3081648936170212
2 0.1301853344077357 0.5854654255319149 0.14472199838839647 0.275718085106383
2 0.732232070910556 0.7240425531914894 0.2377598710717164 0.48085106382978715
2 0.35320306204673646 0.5753058510638298 0.0709347300564061 0.149813829787234
2 0.25986704270749394 0.541595744680851 0.0946897663174859 0.17771276595744687
2 0.3899153908138598 0.5482313829787233 0.047324738114423864 0.10954787234042553
2 0.48166800966962126 0.5328590425531915 0.033166800966962194 0.1031117021276596
2 0.3279613215149073 0.5368484042553192 0.04989524576954066 0.09449468085106383
2 0.42095487510072516 0.5206515957446808 0.02173247381144236 0.062101063829787216
2 0.35193795326349714 0.510970744680851 0.0392506043513296 0.09470744680851068
2 0.43560838033843674 0.4919813829787234 0.016293311845286082 0.07178191489361697
