2 0.3022504025764895 0.7152933333333333 0.1894122383252818 0.45474666666666663
2 0.9833776167471819 0.86784 0.031634460547504 0.25898666666666664
2 0.7371859903381642 0.7492800000000001 0.25189210950080515 0.49610666666666664
2 0.6060346215780998 0.6518133333333334 0.11462962962962964 0.29103999999999997
2 0.3724476650563607 0.6085466666666667 0.08529790660225438 0.24280000000000002
2 0.3977012882447665 0.57664 0.06524154589371983 0.16197333333333336
2 0.5661312399355878 0.5747066666666666 0.06841384863123996 0.17410666666666663
2 0.5391425120772947 0.5533066666666667 0.04997584541062797 0.13151999999999997
2 0.43482286634460543 0.5309733333333333 0.033671497584541105 0.09309333333333332
2 0.4493719806763285 0.5095066666666667 0.02943639291465374 0.09741333333333334
2 0.4614291465378422 0.51032 0.026996779388083713 0.08074666666666666
