2 0.2996135265700483 0.7008266666666666 0.13743961352657008 0.32170666666666664
2 0.8148067632850241 0.7672666666666667 0.32149758454106286 0.46013333333333334
2 0.6419283413848632 0.66936 0.1427938808373591 0.3295466666666667
2 0.58164653784219 0.6211199999999999 0.0870128824476651 0.19919999999999996
2 0.35963768115942024 0.6393333333333333 0.08512077294685988 0.19221333333333335
2 0.3815660225442834 0.5973066666666667 0.0510386473429952 0.1387733333333333
2 0.40326489533011267 0.5926266666666666 0.044001610305958117 0.11240000000000001
2 0.5599959742351047 0.5908666666666667 0.058671497584541064 0.1449333333333333
2 0.5464170692431561 0.5697333333333332 0.04107890499194845 0.11125333333333333
2 0.6907608695652173 0.5283466666666666 0.07269726247987124 0.11434666666666665
1 0.4447141706924316 0.5360533333333333 0.011183574879227042 0.043093333333333324
