2 0.6881239935587762 0.6420666666666667 0.15964573268921092 0.34216
2 0.4090136876006441 0.5464666666666667 0.06401771336553945 0.20552000000000006
0 0.6213607085346216 0.64596 0.0426892109500805 0.29650666666666664
2 0.25960144927536233 0.7492133333333333 0.19595008051529791 0.4469066666666667
2 0.07918276972624799 0.7942266666666666 0.15836553945249598 0.40621333333333337
2 0.5823349436392915 0.5535066666666666 0.05555555555555555 0.12589333333333327
2 0.616791465378422 0.5755199999999999 0.07678743961352658 0.17872000000000002
2 0.45765297906602254 0.5034 0.0254991948470209 0.07442666666666665
2 0.5710426731078905 0.53172 0.04005636070853462 0.10743999999999998
2 0.5590338164251207 0.5204933333333334 0.03227053140096622 0.08493333333333339
2 0.5493558776167471 0.5128266666666667 0.027842190016103094 0.07487999999999996
