0 0.5368014705882354 0.4682432432432433 0.015253267973856175 0.16227027027027033
0 0.2442442810457517 0.5367567567567568 0.029681372549019595 0.3272432432432432
0 0.5186723856209151 0.631972972972973 0.03703431372549014 0.34956756756756757
0 0.5613112745098039 0.5963108108108108 0.04105392156862745 0.36683783783783785
0 0.5515359477124183 0.5023513513513513 0.025326797385620915 0.22210810810810813
0 0.46011029411764703 0.5104864864864865 0.02641339869281049 0.2608648648648648
0 0.448125 0.4918108108108109 0.023962418300653536 0.23708108108108109
0 0.4226756535947713 0.5012432432432432 0.02505718954248372 0.2577297297297297
0 0.4090359477124183 0.5007972972972974 0.024509803921568582 0.25954054054054054
0 0.4916748366013072 0.4501891891891892 0.013611111111111086 0.14264864864864865
0 0.37738970588235293 0.47814864864864864 0.020155228758169948 0.1663513513513514
0 0.3155555555555556 0.4702567567567568 0.01715686274509804 0.16759459459459458
0 0.3456495098039216 0.46891891891891896 0.015792483660130707 0.1695675675675676
2 0.10943218954248365 0.49864864864864866 0.2188643790849673 0.9972972972972973
