0 0.5340359477124184 0.47048648648648644 0.018251633986928133 0.15351351351351347
0 0.2219403594771242 0.5360405405405406 0.03196895424836604 0.3250540540540542
0 0.8728186274509804 0.6938108108108108 0.10019607843137264 0.606972972972973
0 0.7676429738562092 0.6832162162162163 0.09272058823529412 0.6281621621621621
0 0.6253267973856209 0.49343243243243246 0.030849673202614374 0.20054054054054052
0 0.509264705882353 0.673945945945946 0.07642156862745095 0.6467027027027027
0 0.5202246732026143 0.7202162162162163 0.05366830065359482 0.5432432432432434
0 0.5765032679738563 0.6743513513513514 0.052598039215686274 0.5966486486486486
0 0.6130024509803922 0.7094594594594595 0.04940359477124176 0.4784324324324324
0 0.6470383986928105 0.6564864864864866 0.05374999999999997 0.5083243243243243
0 0.7096527777777778 0.6858783783783784 0.05396241830065356 0.4991081081081082
0 0.25361928104575165 0.6962432432432433 0.06382352941176471 0.4973513513513514
0 0.44945669934640525 0.5439999999999999 0.039109477124183015 0.32702702702702696
0 0.5161315359477124 0.5533378378378379 0.04816176470588239 0.3030540540540541
0 0.546813725490196 0.5381486486486488 0.051160130718954255 0.3264594594594595
0 0.6020302287581699 0.5306486486486487 0.05082516339869284 0.3068108108108108
2 0.1091830065359477 0.49864864864864866 0.2183660130718954 0.9972972972972973
