2 0.11235507246376811 0.7747066666666667 0.22471014492753622 0.44525333333333333
2 0.9177375201288244 0.7471733333333334 0.16291465378421893 0.50032
2 0.7618035426731079 0.7353066666666667 0.25454106280193234 0.5164799999999999
2 0.24913848631239935 0.6360133333333333 0.12421900161030595 0.2435466666666667
2 0.6081078904991948 0.5724400000000001 0.08297906602254423 0.17890666666666666
2 0.35047906602254425 0.56488 0.07219806763285025 0.13866666666666666
2 0.5762882447665056 0.5513333333333333 0.06098228663446056 0.13264
2 0.40441626409017717 0.5195599999999999 0.03247181964573272 0.08338666666666669
2 0.5498349436392914 0.5253466666666666 0.03957326892109499 0.09703999999999996
2 0.4395169082125604 0.4923733333333333 0.04320450885668284 0.047520000000000055
