1 0.7977369281045752 0.5112837837837838 0.0722222222222222 0.26121621621621627
0 0.7920179738562092 0.47993243243243244 0.018120915032679697 0.17121621621621622
0 0.33658496732026144 0.6935945945945946 0.07444444444444445 0.6074054054054054
0 0.24178513071895424 0.6736216216216216 0.08165849673202616 0.6078918918918919
0 0.30676470588235294 0.665391891891892 0.08194444444444446 0.6638108108108108
0 0.6559191176470589 0.5252027027027028 0.029812091503267982 0.22856756756756763
1 0.8600898692810458 0.4977027027027027 0.07612745098039211 0.2083243243243243
0 0.8811846405228759 0.5160135135135135 0.027908496732026212 0.2788918918918919
0 0.9116053921568626 0.5103243243243243 0.033848039215686326 0.32756756756756755
0 0.8931821895424837 0.5315000000000001 0.02615196078431372 0.263972972972973
2 0.49448120915032684 0.45622972972972975 0.015236928104575238 0.05694594594594593
