2 0.9683776167471819 0.74948 0.06163446054750399 0.49570666666666663
2 0.07647342995169082 0.75096 0.15294685990338164 0.49274666666666667
2 0.8065539452495974 0.73028 0.33967793880837366 0.5341066666666666
2 0.6242431561996779 0.4632533333333333 0.15299516908212568 0.47551999999999994
2 0.5682085346215782 0.5251733333333333 0.057979066022544275 0.17514666666666667
2 0.5533091787439613 0.5191466666666666 0.0459259259259259 0.11765333333333335
2 0.5240700483091787 0.5102133333333333 0.03139291465378423 0.08202666666666672
2 0.4010466988727858 0.52064 0.02945249597423509 0.07125333333333332
2 0.5022181964573269 0.5050399999999999 0.03462962962962962 0.07978666666666663
2 0.4753462157809984 0.5052666666666666 0.025281803542673183 0.054480000000000015
