2 0.4715257648953301 0.52548 0.03868760064412235 0.10429333333333336
2 0.08946054750402577 0.6971999999999999 0.17892109500805153 0.37973333333333326
2 0.3063566827697263 0.7306533333333333 0.18451690821256037 0.4061599999999999
2 0.38132850241545896 0.6106266666666667 0.10069243156199678 0.2437066666666667
2 0.294987922705314 0.5580266666666667 0.12041062801932363 0.17488000000000004
2 0.35250805152979064 0.51576 0.0816183574879227 0.09503999999999996
2 0.4140660225442834 0.48674666666666666 0.04710144927536232 0.07413333333333336
3 0.744194847020934 0.47790666666666665 0.3473913043478261 0.9558133333333333
0 0.9811795491143317 0.7087199999999999 0.03603059581320451 0.5772266666666667
2 0.5477214170692432 0.54392 0.04985507246376818 0.13050666666666666
2 0.5259943639291466 0.5210133333333333 0.03427536231884062 0.08810666666666664
3 0.5138607085346215 0.45203999999999994 0.04301932367149754 0.17357333333333333
2 0.1797222222222222 0.526 0.07606280193236716 0.10266666666666667
2 0.46532206119162645 0.5060133333333333 0.026892109500805134 0.08125333333333333
