2 0.4885144927536232 0.5073866666666667 0.020072463768115993 0.06325333333333333
2 0.23879629629629628 0.7620933333333332 0.24606280193236715 0.47048
2 0.863792270531401 0.7369466666666666 0.27080515297906604 0.5207733333333333
2 0.7486513687600644 0.7256266666666666 0.23255233494363933 0.5434133333333333
2 0.5905877616747182 0.58212 0.08388083735909828 0.2013066666666667
2 0.5385909822866345 0.5257333333333333 0.03455716586151365 0.09727999999999996
2 0.5659702093397745 0.5508266666666667 0.05710950080515294 0.1556266666666667
2 0.29519726247987116 0.5499866666666666 0.07102254428341388 0.08551999999999998
2 0.20485909822866344 0.55564 0.08008856682769729 0.08925333333333332
2 0.5226851851851851 0.5064 0.021892109500805106 0.06026666666666665
0 0.7512117552334944 0.59816 0.03166666666666661 0.40421333333333337
