2 0.4911956521739131 0.50188 0.02292270531400959 0.07224000000000001
2 0.7283937198067633 0.7225066666666666 0.22776972624798703 0.47573333333333323
2 0.038462157809983896 0.67064 0.07692431561996779 0.24656000000000008
2 0.6362359098228663 0.6078933333333333 0.11058776167471822 0.26912
0 0.5922705314009662 0.5085999999999999 0.01288244766505636 0.1257866666666667
2 0.5583494363929147 0.5241066666666667 0.04692431561996777 0.11829333333333329
2 0.5281843800322061 0.49512 0.021972624798711725 0.07034666666666672
2 0.3364935587761675 0.5468000000000001 0.05094202898550723 0.10122666666666669
2 0.36037037037037034 0.5360533333333334 0.04114331723027377 0.09333333333333332
2 0.3842190016103059 0.5187066666666666 0.033590982286634485 0.07426666666666665
