0 0.8212077294685991 0.5799466666666667 0.05518518518518525 0.40032000000000006
2 0.8682528180354266 0.7507866666666667 0.2618840579710145 0.49309333333333333
2 0.722097423510467 0.65796 0.17042673107890496 0.3257866666666666
2 0.30723832528180356 0.6431333333333333 0.14723027375201284 0.3103733333333334
2 0.37849838969404187 0.5925199999999999 0.07931561996779392 0.19138666666666662
2 0.6320330112721417 0.5803066666666666 0.08772141706924319 0.19282666666666667
2 0.4175805152979066 0.5477733333333333 0.05419484702093393 0.14984
2 0.46550322061191624 0.5302933333333334 0.04760869565217391 0.1068266666666666
2 0.5986755233494364 0.5428133333333334 0.04337359098228664 0.1343733333333333
2 0.5466384863123993 0.5149066666666666 0.04456521739130437 0.07573333333333335
3 0.6550040257648954 0.44148 0.03865539452495974 0.09906666666666668
