2 0.05907679738562092 0.7041216216216216 0.11815359477124183 0.379
1 0.9791217320261439 0.5916351351351351 0.04012254901960776 0.5381351351351351
1 0.40041258169934646 0.49401351351351364 0.013864379084967297 0.11208108108108109
0 0.6188194444444444 0.5660675675675676 0.03523692810457516 0.3170540540540542
0 0.579701797385621 0.5556216216216217 0.043129084967320326 0.35194594594594597
0 0.6237050653594771 0.5371351351351352 0.02932189542483659 0.27918918918918917
1 0.27448937908496734 0.5370405405405405 0.032916666666666684 0.20662162162162168
0 0.9374918300653593 0.428445945945946 0.014918300653594764 0.12483783783783783
0 0.9549632352941176 0.43143243243243246 0.014959150326797342 0.10945945945945947
0 0.9340972222222222 0.43905405405405407 0.0146650326797386 0.12172972972972972
1 0.9910702614379087 0.43574324324324326 0.01622549019607835 0.1299189189189189
