0 0.8902988691437804 0.6962165775401069 0.21778675282714058 0.6022192513368984
0 0.4236833602584814 0.5690775401069519 0.037172859450726965 0.29189839572192516
0 0.8244466882067851 0.7250935828877005 0.07391760904684985 0.5444652406417112
0 0.6784127625201939 0.717326203208556 0.05453150242326332 0.5599999999999999
0 0.581260096930533 0.6665909090909091 0.05546042003231016 0.4364973262032085
0 0.7372495961227787 0.6273930481283422 0.05254442649434569 0.4277272727272727
0 0.6348707592891761 0.5992245989304813 0.039450726978998416 0.3391978609625669
0 0.6852867528271406 0.6800401069518717 0.046082390953150205 0.4540374331550802
0 0.6660339256865913 0.5857620320855615 0.06260096930533118 0.3109358288770054
0 0.6826655896607432 0.6356684491978609 0.06907915993537964 0.3948128342245989
2 0.4565831987075929 0.5366042780748663 0.0606946688206786 0.15475935828877002
