2 0.9509219001610306 0.7756000000000001 0.09654589371980683 0.4434666666666667
2 0.3523027375201288 0.58976 0.14484702093397744 0.4118933333333333
2 0.6514090177133655 0.60808 0.11275362318840586 0.21919999999999995
2 0.7888768115942029 0.7350266666666666 0.24522544283413844 0.4551733333333334
2 0.45605072463768115 0.4949866666666667 0.031779388083735934 0.0963733333333333
2 0.40580917874396133 0.5511333333333334 0.07517713365539458 0.20088000000000003
2 0.6227657004830918 0.5574933333333333 0.0685909822866345 0.16287999999999994
2 0.5906119162640902 0.5239466666666667 0.049404186795491155 0.11567999999999998
2 0.5733172302737519 0.5188933333333333 0.04054750402576491 0.09784
2 0.5627012882447665 0.49928000000000006 0.03247181964573263 0.0775466666666667
