2 0.5117753623188406 0.57336 0.06504830917874393 0.17610666666666663
2 0.242914653784219 0.53412 0.07371980676328505 0.12263999999999994
1 0.7062117552334943 0.55852 0.07656199677938802 0.1876
2 0.5671980676328503 0.5033733333333332 0.0510305958132045 0.17154666666666668
0 0.3987037037037037 0.5404933333333333 0.016908212560386472 0.18610666666666673
2 0.3231561996779388 0.4988533333333333 0.04149758454106282 0.08848000000000002
2 0.3900402576489533 0.52112 0.07365539452495971 0.11504000000000003
2 0.4107326892109501 0.5200933333333333 0.06940418679549118 0.08216
2 0.42798309178743965 0.5041333333333333 0.051264090177133625 0.07141333333333333
2 0.4451288244766506 0.49124 0.03806763285024153 0.05010666666666672
2 0.48487117552334946 0.5290133333333333 0.03550724637681161 0.10730666666666669
2 0.3060144927536232 0.49 0.040998389694041834 0.0636266666666667
