2 0.47797906602254425 0.5570666666666666 0.047520128824476635 0.12991999999999998
2 0.09031803542673107 0.72288 0.18063607085346214 0.4101866666666667
2 0.232121578099839 0.78428 0.2882367149758454 0.42610666666666663
2 0.3499114331723028 0.6522933333333333 0.1101771336553945 0.28757333333333324
2 0.3800966183574879 0.6007333333333332 0.07665056360708529 0.1846133333333333
2 0.29797101449275365 0.5874133333333333 0.10127214170692433 0.15813333333333335
2 0.43752415458937194 0.5235733333333333 0.02743156199677943 0.06767999999999999
2 0.8718639291465379 0.7734933333333334 0.25466183574879225 0.44767999999999997
2 0.7410346215780999 0.7669466666666667 0.27752818035426735 0.4607733333333333
2 0.6125925925925926 0.6101066666666666 0.10259259259259255 0.26282666666666665
2 0.5248872785829308 0.53884 0.038389694041867914 0.09250666666666665
3 0.5217874396135265 0.46589333333333327 0.04573268921095013 0.17509333333333332
0 0.5652657004830918 0.5131066666666666 0.01019323671497582 0.09634666666666665
2 0.1908977455716586 0.5444133333333333 0.07074879227053138 0.09383999999999999
2 0.4755797101449276 0.5333733333333333 0.02985507246376815 0.09101333333333339
2 0.05955716586151369 0.5759066666666667 0.11502415458937199 0.142
