2 0.4005394524959743 0.5142399999999999 0.06681159420289856 0.07791999999999999
2 0.5472504025764895 0.5170666666666666 0.03462962962962971 0.09658666666666665
2 0.45348228663446055 0.5303599999999999 0.033808373590982294 0.08893333333333331
2 0.333804347826087 0.5412133333333333 0.11854267310789046 0.13485333333333338
2 0.29261674718196456 0.5800799999999999 0.14993558776167473 0.1877866666666667
2 0.24832528180354269 0.5928 0.20682769726247988 0.24149333333333325
2 0.14450483091787442 0.606 0.22243961352657005 0.29157333333333335
2 0.1264975845410628 0.6356933333333333 0.2529951690821256 0.47495999999999994
2 0.6056239935587762 0.59792 0.08150563607085339 0.17855999999999994
2 0.7527697262479871 0.7687333333333333 0.2727536231884058 0.45719999999999994
