2 0.4957930756843801 0.5239066666666666 0.035708534621578115 0.11186666666666663
2 0.8733252818035427 0.7095466666666665 0.2517391304347826 0.5755733333333333
2 0.7473711755233495 0.65364 0.20920289855072466 0.37869333333333327
2 0.6823349436392915 0.5824 0.15942028985507245 0.2814933333333333
2 0.6508373590982287 0.5649733333333333 0.11594202898550725 0.19256
2 0.623329307568438 0.5409066666666666 0.11026570048309173 0.1483733333333333
2 0.42647745571658613 0.49876 0.01894524959742358 0.041999999999999996
2 0.3734178743961352 0.5347466666666667 0.041038647342995144 0.08960000000000005
2 0.577049114331723 0.5104 0.07450080515297913 0.09877333333333331
2 0.5554186795491143 0.5007333333333334 0.059243156199677974 0.07554666666666662
2 0.5387117552334943 0.4849066666666666 0.047455716586151324 0.07226666666666665
2 0.3803301127214171 0.49903999999999993 0.02629629629629627 0.05802666666666672
2 0.3582729468599034 0.49482666666666664 0.01707729468599032 0.04394666666666672
