0 0.28089460784313725 0.4825 0.014746732026143754 0.10516216216216216
0 0.36308823529411766 0.48467567567567565 0.013071895424836602 0.07891891891891897
0 0.27428104575163403 0.46279729729729735 0.006666666666666687 0.0853243243243244
2 0.8293300653594772 0.5540540540540541 0.08848039215686271 0.13027027027027024
2 0.8944158496732025 0.557445945945946 0.09884803921568629 0.12472972972972975
2 0.9479861111111112 0.5591756756756756 0.10239379084967315 0.12629729729729727
0 0.2947263071895425 0.46275675675675676 0.008488562091503258 0.09070270270270271
0 0.2651756535947713 0.5436081081081081 0.021707516339869275 0.19986486486486493
0 0.3283578431372549 0.5445 0.029738562091503298 0.2272162162162162
1 0.4625980392156863 0.5162162162162163 0.021062091503267953 0.16102702702702698
2 0.5062867647058823 0.5021486486486487 0.029485294117647085 0.07624324324324327
0 0.24265931372549018 0.47920270270270277 0.014060457516339853 0.11781081081081082
0 0.18448937908496732 0.47352702702702704 0.008439542483660118 0.11862162162162167
0 0.7676797385620915 0.5125945945945947 0.008562091503267989 0.09924324324324324
