2 0.08650563607085346 0.6416266666666667 0.17301127214170692 0.54528
1 0.3591988727858293 0.59556 0.03578904991948474 0.22418666666666665
2 0.8907165861513687 0.7444133333333333 0.21695652173913046 0.50584
2 0.8307165861513688 0.6679999999999999 0.3086473429951691 0.33093333333333336
2 0.7718961352657006 0.5974133333333332 0.22335748792270538 0.3106133333333333
2 0.26958937198067634 0.5691733333333333 0.15138486312399355 0.16064000000000003
2 0.3066867954911433 0.5548933333333333 0.12208534621578104 0.13901333333333332
2 0.5328985507246377 0.54092 0.04893719806763283 0.11880000000000003
2 0.3732246376811594 0.5148266666666667 0.0644363929146538 0.08357333333333333
2 0.5095169082125603 0.5093733333333332 0.025700483091787407 0.07202666666666671
2 0.48987922705314013 0.47213333333333335 0.013864734299516839 0.05440000000000001
