2 0.4873631239935588 0.5294533333333333 0.04561191626409016 0.12279999999999995
2 0.09295893719806764 0.6788933333333332 0.18591787439613527 0.63688
2 0.2761272141706924 0.60516 0.1667793880837359 0.2618399999999999
2 0.30657407407407405 0.5662533333333333 0.13899355877616748 0.2054666666666667
2 0.3621980676328503 0.5297466666666667 0.08714975845410629 0.12338666666666662
2 0.39336956521739136 0.5116133333333334 0.07248792270531404 0.10322666666666669
2 0.7786795491143317 0.6102666666666666 0.3352657004830918 0.7741333333333333
2 0.6399074074074074 0.58648 0.10706119162640904 0.21642666666666666
2 0.5528462157809984 0.5149466666666667 0.03725442834138485 0.08834666666666666
2 0.5277898550724638 0.4700133333333333 0.02649758454106287 0.09218666666666664
2 0.4877254428341386 0.5002666666666667 0.02909017713365539 0.08789333333333335
2 0.09399355877616747 0.5334666666666666 0.18798711755233494 0.3837333333333333
2 0.23882850241545894 0.49962666666666666 0.05641706924315624 0.07866666666666666
