2 0.8236553945249597 0.6958533333333333 0.35107890499194844 0.60296
2 0.661755233494364 0.6079466666666666 0.15832528180354266 0.41184
2 0.6046980676328502 0.5627733333333333 0.0790740740740741 0.21557333333333334
0 0.5546457326892109 0.49989333333333336 0.01610305958132045 0.12234666666666665
0 0.5579790660225443 0.5043333333333333 0.013687600644122383 0.118
2 0.4356441223832528 0.50548 0.027020933977455763 0.08824000000000001
0 0.5027495974235104 0.49344000000000005 0.007785829307568405 0.07237333333333337
2 0.3462278582930757 0.5752933333333333 0.07313204508856681 0.16194666666666663
2 0.12014492753623188 0.75816 0.24028985507246375 0.47834666666666664
2 0.2542632850241546 0.6380533333333333 0.14298711755233492 0.29328
0 0.37290660225442834 0.5233333333333333 0.008582930756843821 0.08623999999999993
