2 0.49749597423510467 0.5305066666666667 0.048180354267310724 0.12976
2 0.1758856682769726 0.6646799999999999 0.20520128824476652 0.33096000000000003
2 0.2584742351046699 0.6156933333333333 0.15200483091787442 0.2318666666666667
2 0.32743558776167475 0.54312 0.08727053140096618 0.14741333333333334
2 0.41583333333333333 0.5653866666666666 0.06920289855072467 0.1453866666666667
2 0.38225442834138484 0.5193733333333332 0.06228663446054756 0.09031999999999993
2 0.8048590982286634 0.5276133333333333 0.38867149758454106 0.93944
2 0.6160909822866344 0.5821733333333333 0.10353462157809987 0.22802666666666663
2 0.581231884057971 0.5516533333333333 0.07006441223832527 0.1485333333333333
2 0.5612962962962963 0.5115599999999999 0.04655394524959737 0.12824
2 0.5281521739130434 0.49635999999999997 0.02530595813204505 0.06456000000000002
2 0.038474235104669886 0.6605733333333332 0.07694847020933977 0.27058666666666664
2 0.11978260869565219 0.5558133333333334 0.19339774557165862 0.3227733333333333
2 0.4945008051529791 0.5076266666666667 0.03106280193236718 0.09386666666666671
2 0.023695652173913045 0.5665866666666667 0.04739130434782609 0.15397333333333335
