1 0.6689174836601307 0.5870810810810811 0.0510212418300654 0.22648648648648653
1 0.47361111111111115 0.6184594594594595 0.050588235294117614 0.27708108108108104
0 0.5246037581699347 0.5496486486486487 0.011168300653594832 0.09962162162162166
0 0.10283088235294117 0.5596351351351352 0.016070261437908486 0.15894594594594597
0 0.12334558823529412 0.5585405405405406 0.0168872549019608 0.13675675675675675
1 0.48180964052287584 0.5434324324324324 0.028014705882352914 0.10491891891891891
0 0.24791666666666667 0.5590405405405405 0.01580065359477127 0.1423513513513514
0 0.23474673202614382 0.5581351351351351 0.017434640522875796 0.12140540540540538
0 0.47440767973856207 0.536 0.014975490196078465 0.11335135135135135
0 0.4924468954248366 0.5531486486486488 0.009534313725490256 0.1130540540540541
