2 0.5398631239935587 0.7203466666666666 0.16367149758454105 0.5113599999999999
2 0.9679428341384863 0.7360533333333332 0.06250402576489542 0.52256
2 0.6285587761674719 0.5283599999999999 0.09917874396135262 0.15192
2 0.5841505636070853 0.5088666666666666 0.05941223832528177 0.09549333333333333
2 0.5650764895330113 0.5008 0.05366344605475038 0.07216
2 0.4236111111111111 0.5056266666666667 0.028623188405797063 0.06304000000000004
2 0.10952495974235105 0.6157466666666668 0.15217391304347827 0.19773333333333334
2 0.47789855072463766 0.4832266666666666 0.01964573268921093 0.0426133333333333
2 0.3132528180354267 0.5305733333333333 0.05979066022544283 0.09432000000000001
2 0.3440579710144928 0.51148 0.04009661835748793 0.09597333333333335
2 0.3855273752012882 0.5007733333333333 0.035096618357487945 0.06469333333333331
2 0.43039855072463773 0.4938533333333333 0.0316666666666667 0.046053333333333356
2 0.22028582930756846 0.5249466666666667 0.06219806763285026 0.09682666666666667
2 0.2114251207729469 0.5147333333333334 0.06603864734299518 0.07170666666666663
