2 0.4160475423045931 0.5119015957446809 0.017010475423045943 0.04683510638297876
2 0.4495809830781628 0.5552659574468085 0.05348912167606768 0.1551063829787234
2 0.06102739726027397 0.7386702127659575 0.12205479452054795 0.4006914893617021
2 0.36346091861402097 0.5587234042553191 0.0554955680902498 0.1562765957446809
2 0.1822562449637389 0.6000664893617021 0.1210958904109589 0.1965691489361702
2 0.09937953263497179 0.588470744680851 0.12809024979854955 0.17199468085106379
2 0.2773126510878324 0.5484574468085106 0.05331990330378728 0.10803191489361703
2 0.17958098307816275 0.5291090425531915 0.07974214343271553 0.15130319148936167
2 0.3083199033037873 0.5285771276595744 0.03721998388396459 0.07997340425531912
2 0.2409991941982272 0.5325930851063829 0.03967767929089445 0.07390957446808509
2 0.337767929089444 0.49212765957446813 0.027510072522159538 0.09952127659574464
