1 0.9119726247987118 0.6855733333333334 0.10446054750402577 0.62352
0 0.6612318840579711 0.5760266666666666 0.031819645732689195 0.3494399999999999
0 0.8983132045088567 0.6088666666666667 0.03508051529790655 0.3586933333333333
0 0.15610305958132045 0.5771999999999999 0.028985507246376812 0.25973333333333326
0 0.2181561996779388 0.5713199999999999 0.030950080515297927 0.2742666666666667
0 0.12385668276972624 0.5883066666666666 0.03801932367149758 0.12808
1 0.3866384863123994 0.5212666666666667 0.029138486312399355 0.15570666666666663
2 0.45149355877616754 0.4805333333333333 0.054645732689210955 0.1421866666666667
0 0.6672061191626409 0.55376 0.04012882447665059 0.2869866666666667
1 0.48791867954911433 0.5073599999999999 0.03361513687600644 0.10810666666666664
