2 0.05362721417069243 0.7305333333333333 0.10725442834138486 0.5336
2 0.055100644122383254 0.6665466666666667 0.11020128824476651 0.4174666666666667
2 0.11670289855072463 0.6219066666666666 0.23340579710144926 0.33719999999999994
2 0.16104669887278583 0.58 0.1524959742351047 0.2798933333333333
2 0.2509057971014493 0.5730266666666666 0.20545088566827696 0.22093333333333331
2 0.26678341384863125 0.4826266666666667 0.223743961352657 0.3500533333333333
2 0.6207125603864734 0.6120399999999999 0.11508051529790655 0.25239999999999996
2 0.7002536231884058 0.5532933333333333 0.12182769726247993 0.16221333333333335
2 0.5176529790660225 0.4879733333333333 0.01918679549114335 0.04730666666666669
2 0.5730434782608695 0.4954133333333333 0.05761674718196453 0.07226666666666673
