2 0.8054508856682769 0.7447866666666667 0.33874396135265705 0.5050933333333333
1 0.16290257648953302 0.7207866666666667 0.14377616747181965 0.5530933333333333
2 0.15154186795491142 0.7274133333333332 0.21509661835748795 0.38287999999999994
2 0.5941143317230274 0.5848933333333334 0.12243156199677935 0.29416
2 0.24865136876006444 0.61224 0.12756038647342996 0.2387733333333334
2 0.5003462157809985 0.52844 0.05109500805152973 0.1247733333333333
2 0.34451690821256037 0.5383733333333333 0.042238325281803525 0.09605333333333335
2 0.4701086956521739 0.5108133333333333 0.030942028985507297 0.0856266666666667
0 0.33290257648953303 0.5018933333333333 0.011392914653784246 0.09130666666666669
0 0.3222222222222222 0.5091733333333333 0.011594202898550706 0.09167999999999998
1 0.27624396135265705 0.67844 0.08760869565217391 0.4244
