2 0.1537842190016103 0.769 0.3075684380032206 0.45666666666666667
2 0.880342190016103 0.7132533333333334 0.23770531400966186 0.56816
2 0.3523107890499195 0.59548 0.09363929146537843 0.26157333333333344
2 0.3873671497584541 0.5615866666666667 0.08495974235104668 0.16898666666666667
2 0.657085346215781 0.45408 0.05518518518518516 0.06032000000000001
2 0.8103703703703704 0.7177066666666666 0.1606119162640902 0.47333333333333333
2 0.8069082125603865 0.6005199999999999 0.12943639291465378 0.2980533333333333
2 0.6755394524959742 0.50176 0.12711755233494362 0.15632000000000001
2 0.9860668276972626 0.5319466666666666 0.026256038647342914 0.18581333333333336
2 0.8924396135265701 0.48824 0.09906602254428339 0.11248000000000001
