0 0.6528392568659127 0.7199866310160427 0.06488691437802911 0.5546791443850266
0 0.7342730210016155 0.7017245989304812 0.08938610662358641 0.5912032085561497
0 0.17915589660743134 0.7199866310160427 0.0794264943457189 0.5546791443850266
0 0.617891760904685 0.5781149732620321 0.025573505654281074 0.2361229946524064
0 0.6207269789983846 0.5675935828877005 0.025040387722132473 0.2098395721925134
0 0.9678756058158321 0.5262433155080214 0.04119547657512117 0.2592245989304812
0 0.7433925686591276 0.5328342245989305 0.019919224555735034 0.19989304812834222
0 0.9099717285945074 0.6893449197860962 0.06435379644588052 0.5237165775401069
2 0.43276655896607436 0.5260561497326203 0.04747172859450726 0.14040106951871653
2 0.47866720516962846 0.5025534759358288 0.03051696284329562 0.0883689839572192
