2 0.5062882447665056 0.5611066666666666 0.05433172302737512 0.16984
2 0.8236352657004831 0.7017066666666666 0.2063365539452495 0.4777600000000001
2 0.6627938808373591 0.58044 0.13536231884057973 0.21426666666666658
2 0.05643317230273752 0.7227733333333332 0.11286634460547504 0.4494933333333333
2 0.0705475040257649 0.6182266666666667 0.1410950080515298 0.29218666666666665
2 0.34041062801932365 0.5604533333333334 0.08198067632850241 0.13893333333333333
2 0.4597906602254428 0.5001599999999999 0.030241545893719853 0.07413333333333336
2 0.2543156199677939 0.5558533333333333 0.0900966183574879 0.13778666666666664
2 0.3691264090177134 0.52652 0.053389694041867955 0.08018666666666664
2 0.5550201288244767 0.4868933333333333 0.019573268921095056 0.04573333333333335
2 0.14159420289855074 0.5627599999999999 0.11465378421900162 0.13655999999999993
