2 0.06014090177133655 0.7978533333333333 0.1202818035426731 0.39896000000000004
2 0.1521376811594203 0.80216 0.3042753623188406 0.3903466666666666
2 0.7896779388083736 0.7477199999999999 0.3400644122383253 0.49922666666666665
2 0.8018800322061191 0.54828 0.20150563607085345 0.2004
2 0.3748913043478261 0.5622933333333333 0.07031400966183574 0.16079999999999994
2 0.5795128824476651 0.5579866666666666 0.06387278582930751 0.16050666666666666
2 0.39519726247987114 0.51584 0.057254428341384875 0.17514666666666667
2 0.557975040257649 0.53836 0.054790660225442794 0.12781333333333333
2 0.28599033816425123 0.4852133333333333 0.13210950080515296 0.16088000000000002
2 0.4932326892109501 0.47709333333333337 0.020104669887278603 0.07226666666666665
2 0.6328945249597424 0.4535333333333333 0.08384057971014493 0.10765333333333334
