2 0.8766449689865112 850 169 1010 243
2 0.8642444610595703 115 165 293 265
2 0.8568680286407471 944 161 1100 244
2 0.8248488903045654 723 150 766 193
2 0.8190107941627502 0 195 124 268
2 0.8092644810676575 254 186 408 259
2 0.7972956299781799 590 158 682 250
2 0.7936856150627136 502 173 562 220
3 0.7837069630622864 662 134 715 199
2 0.7390343546867371 1084 164 1227 241
2 0.7107400298118591 669 161 716 201
2 0.37132132053375244 1170 140 1242 247
2 0.3168462812900543 0 187 48 261
2 0.2659320533275604 1008 164 1178 239
