2 0.7975531816482544 329 161 401 197
2 0.7890864014625549 259 161 331 201
2 0.7110421657562256 577 156 648 189
2 0.6664886474609375 742 156 791 182
2 0.6504204869270325 543 159 597 188
2 0.6467432379722595 1075 151 1112 173
2 0.6218852400779724 661 161 714 188
2 0.6088078022003174 700 156 761 186
2 0.5715494155883789 769 157 829 180
2 0.5208685994148254 211 163 269 204
2 0.5075170993804932 609 156 684 188
2 0.38240450620651245 499 159 565 196
2 0.3296595513820648 801 158 843 179
2 0.28534597158432007 838 156 882 178
2 0.27196016907691956 861 157 910 179
