2 0.9228394031524658 60 186 260 275
2 0.8872495889663696 206 180 441 319
2 0.8728691339492798 420 181 499 235
2 0.8617025017738342 678 182 764 246
2 0.8384293913841248 582 179 615 204
2 0.8110641837120056 627 180 660 204
2 0.8015627264976501 370 171 436 218
2 0.7811874151229858 492 183 531 211
2 0.6251380443572998 0 204 169 376
2 0.567525327205658 228 186 341 235
2 0.48651883006095886 522 178 551 202
2 0.4388323128223419 287 182 369 224
2 0.35199448466300964 459 176 501 208
2 0.3404574394226074 220 185 380 262
