1 0.8224474787712097 641 160 747 290
1 0.8045529723167419 724 147 825 272
0 0.7937902808189392 983 146 1082 356
2 0.7924453020095825 1043 183 1158 235
0 0.7217032313346863 175 154 197 209
0 0.693045437335968 844 147 940 320
0 0.6864809989929199 202 148 228 213
0 0.6517215371131897 817 143 890 324
0 0.6438136696815491 939 144 1019 324
2 0.6336861848831177 604 170 638 204
1 0.5870247483253479 408 155 434 221
2 0.5849151611328125 1111 183 1223 230
0 0.44668254256248474 408 156 434 213
2 0.33786508440971375 1192 168 1223 237
