2 0.8922713398933411 0 171 256 368
2 0.8792615532875061 754 185 877 269
2 0.8614460825920105 174 180 379 306
2 0.8281856179237366 278 179 456 277
2 0.7945582270622253 584 177 660 233
2 0.7604045867919922 435 175 520 228
2 0.7469553351402283 927 7 1240 375
2 0.609920084476471 715 172 790 236
0 0.5983750224113464 697 172 715 230
2 0.5864330530166626 508 173 567 207
0 0.43970954418182373 704 176 727 235
0 0.3489481210708618 684 167 705 224
2 0.3351844251155853 490 176 550 212
0 0.31641802191734314 717 173 760 236
0 0.25104275345802307 680 168 695 215
