2 0.7478739619255066 325 160 393 199
2 0.7018016576766968 622 157 689 186
2 0.5988233685493469 586 155 646 189
2 0.5717648863792419 294 156 344 200
2 0.56132572889328 545 160 617 193
2 0.5600600242614746 789 155 834 181
2 0.5515061616897583 391 158 460 194
2 0.5462203025817871 415 143 490 188
2 0.5413641333580017 656 155 726 187
2 0.5349789261817932 743 152 801 186
2 0.49549782276153564 707 164 757 187
2 0.4641849398612976 1134 149 1174 174
2 0.4361925423145294 909 158 957 180
2 0.4142431318759918 820 157 876 181
2 0.35063010454177856 853 160 896 180
2 0.3280521333217621 538 171 597 194
0 0.2848685383796692 296 157 348 200
2 0.277999609708786 765 154 819 183
2 0.2713311016559601 604 161 658 186
2 0.2682025730609894 882 158 923 180
