2 0.9149580597877502 207 172 448 291
2 0.9044612646102905 788 179 968 285
2 0.8949488997459412 589 167 651 217
2 0.8925173878669739 886 177 1242 372
2 0.8767902255058289 733 152 850 240
2 0.8603012561798096 2 169 123 302
2 0.8235687613487244 72 166 268 250
2 0.8194538950920105 895 134 1086 214
2 0.7532620429992676 380 165 506 225
2 0.7184642553329468 476 155 560 197
2 0.672433614730835 502 150 577 189
2 0.6427907347679138 243 164 341 219
2 0.639072060585022 803 155 898 214
2 0.5933535099029541 320 160 397 206
2 0.5174550414085388 435 163 540 209
0 0.4388236105442047 698 158 717 204
