0 0.8356054425239563 765 164 835 338
0 0.8353695273399353 710 173 772 344
0 0.739031195640564 537 132 577 244
0 0.7275576591491699 278 136 319 249
2 0.7189995050430298 0 0 269 370
0 0.716057300567627 621 141 653 223
0 0.6905220150947571 520 131 562 244
0 0.6711461544036865 583 139 627 236
0 0.548218846321106 503 139 523 205
0 0.5151100754737854 473 143 496 204
0 0.4571691155433655 459 145 482 205
1 0.33712878823280334 409 144 451 210
0 0.277444452047348 388 139 416 207
0 0.26435163617134094 409 141 445 207
0 0.2584320604801178 638 141 664 206
