2 0.9016745090484619 0 179 401 375
2 0.8741776943206787 559 178 600 214
2 0.8532583117485046 333 189 451 274
2 0.6818268299102783 361 156 427 222
3 0.6736525893211365 516 149 552 199
2 0.6648969054222107 0 166 58 235
2 0.5760819315910339 243 183 358 227
2 0.5572302341461182 0 183 188 302
2 0.41996848583221436 183 179 364 267
2 0.36732685565948486 376 178 449 220
2 0.3362147808074951 83 188 248 273
3 0.29265710711479187 476 150 530 212
2 0.2803693115711212 0 185 85 275
2 0.26692914962768555 316 183 401 225
2 0.2574271261692047 435 182 480 209
