2 0.9524009227752686 734 174 923 306
2 0.8592479228973389 683 163 790 253
0 0.8498839735984802 943 148 997 270
2 0.8432015180587769 186 189 381 296
2 0.7826247811317444 447 175 504 215
2 0.7744848132133484 662 163 733 224
1 0.6919251680374146 378 161 434 280
2 0.6898910999298096 527 171 553 191
1 0.6638800501823425 38 190 295 375
2 0.5840421915054321 392 174 466 234
2 0.47820955514907837 3 206 228 374
0 0.45169928669929504 661 166 684 220
0 0.39998751878738403 637 165 649 195
0 0.3911389112472534 393 166 427 243
0 0.3220616281032562 379 169 438 267
